1.7886 130.5191 -809.1120
1.7886 130.5191 -808.1120
1.7886 131.3590 -807.1120
3.4682 148.1559 -807.1120
1.7886 131.3590 -806.1120
4.3081 148.1559 -806.1120
0.9487 131.3590 -805.1120
3.4682 148.1559 -805.1120
0.1089 153.1949 -805.1120
-0.7310 154.0348 -805.1120
0.9487 132.1988 -804.1120
2.6284 148.1559 -804.1120
2.6284 148.9957 -804.1120
1.7886 149.8356 -804.1120
1.7886 150.6754 -804.1120
0.9487 151.5152 -804.1120
0.1089 152.3551 -804.1120
0.1089 132.1988 -803.1120
2.6284 147.3160 -803.1120
-77.1568 171.6715 -803.1120
0.1089 132.1988 -802.1120
2.6284 146.4762 -802.1120
-77.1568 172.5113 -802.1120
-74.6372 174.1910 -802.1120
22.7847 109.5231 -801.1120
0.1089 132.1988 -801.1120
2.6284 145.6363 -801.1120
-76.3169 173.3512 -801.1120
-74.6372 174.1910 -801.1120
21.9448 110.3629 -800.1120
-0.7310 132.1988 -800.1120
2.6284 145.6363 -800.1120
-75.4771 174.1910 -800.1120
21.9448 110.3629 -799.1120
0.1089 133.0387 -799.1120
2.6284 144.7965 -799.1120
-75.4771 174.1910 -799.1120
21.1050 110.3629 -798.1120
0.1089 133.0387 -798.1120
1.7886 143.9566 -798.1120
-75.4771 174.1910 -798.1120
21.1050 110.3629 -797.1120
0.1089 133.0387 -797.1120
1.7886 143.1168 -797.1120
-75.4771 174.1910 -797.1120
20.2651 111.2027 -796.1120
-13.3286 116.2418 -796.1120
0.1089 133.0387 -796.1120
1.7886 142.2770 -796.1120
-74.6372 175.0309 -796.1120
20.2651 111.2027 -795.1120
-12.4888 117.0816 -795.1120
0.1089 133.0387 -795.1120
1.7886 141.4371 -795.1120
-74.6372 175.8707 -795.1120
20.2651 112.0426 -794.1120
-12.4888 117.9215 -794.1120
-0.7310 133.0387 -794.1120
0.9487 140.5973 -794.1120
-73.7974 175.8707 -794.1120
20.2651 112.0426 -793.1120
-12.4888 118.7613 -793.1120
0.1089 133.8785 -793.1120
0.1089 138.9176 -793.1120
0.1089 139.7574 -793.1120
-0.7310 140.5973 -793.1120
-74.6372 175.8707 -793.1120
19.4253 112.8824 -792.1120
-12.4888 118.7613 -792.1120
0.1089 134.7184 -792.1120
0.1089 137.2379 -792.1120
0.1089 138.0777 -792.1120
-1.5708 141.4371 -792.1120
-1.5708 142.2770 -792.1120
-2.4107 143.1168 -792.1120
-73.7974 175.8707 -792.1120
19.4253 113.7223 -791.1120
-12.4888 119.6012 -791.1120
0.1089 134.7184 -791.1120
0.1089 135.5582 -791.1120
0.1089 136.3981 -791.1120
-3.2505 143.9566 -791.1120
-73.7974 176.7106 -791.1120
18.5854 113.7223 -790.1120
-12.4888 120.4410 -790.1120
0.1089 133.8785 -790.1120
-4.0903 144.7965 -790.1120
-4.0903 145.6363 -790.1120
-4.9302 146.4762 -790.1120
-72.9575 177.5504 -790.1120
18.5854 114.5621 -789.1120
-12.4888 121.2809 -789.1120
0.1089 133.0387 -789.1120
-4.9302 147.3160 -789.1120
-5.7700 148.1559 -789.1120
-5.7700 148.9957 -789.1120
-6.6099 149.8356 -789.1120
-6.6099 150.6754 -789.1120
-6.6099 151.5152 -789.1120
-7.4497 152.3551 -789.1120
-72.9575 177.5504 -789.1120
17.7456 114.5621 -788.1120
-11.6489 122.1207 -788.1120
-10.8091 122.9606 -788.1120
-0.7310 131.3590 -788.1120
0.1089 132.1988 -788.1120
-7.4497 153.1949 -788.1120
-7.4497 154.0348 -788.1120
-8.2896 154.8746 -788.1120
-9.1294 157.3941 -788.1120
-9.1294 158.2340 -788.1120
-9.1294 159.0738 -788.1120
-9.1294 159.9137 -788.1120
-9.1294 160.7535 -788.1120
-9.9693 161.5934 -788.1120
-9.9693 162.4332 -788.1120
-72.1177 178.3902 -788.1120
16.9057 115.4020 -787.1120
-10.8091 123.8004 -787.1120
0.1089 130.5191 -787.1120
-8.2896 155.7145 -787.1120
-9.1294 156.5543 -787.1120
-9.9693 163.2731 -787.1120
-9.9693 164.1129 -787.1120
-9.9693 164.9527 -787.1120
-72.1177 179.2301 -787.1120
16.9057 116.2418 -786.1120
-11.6489 124.6402 -786.1120
-10.8091 125.4801 -786.1120
0.1089 129.6793 -786.1120
-71.2778 179.2301 -786.1120
16.0659 116.2418 -785.1120
-15.8482 122.1207 -785.1120
-15.0083 122.9606 -785.1120
-14.1685 123.8004 -785.1120
-13.3286 124.6402 -785.1120
-12.4888 125.4801 -785.1120
-9.9693 125.4801 -785.1120
-13.3286 126.3199 -785.1120
-9.1294 126.3199 -785.1120
-8.2896 126.3199 -785.1120
-13.3286 127.1598 -785.1120
-7.4497 127.1598 -785.1120
-6.6099 127.1598 -785.1120
-14.1685 127.9996 -785.1120
0.1089 128.8395 -785.1120
-71.2778 180.0699 -785.1120
-23.4068 117.0816 -784.1120
15.2261 117.0816 -784.1120
-22.5669 117.9215 -784.1120
-21.7271 117.9215 -784.1120
-20.8872 118.7613 -784.1120
-20.0474 118.7613 -784.1120
-19.2075 119.6012 -784.1120
-18.3677 120.4410 -784.1120
-17.5278 121.2809 -784.1120
-16.6880 121.2809 -784.1120
-5.7700 127.1598 -784.1120
-4.9302 127.9996 -784.1120
0.1089 127.9996 -784.1120
-15.0083 128.8395 -784.1120
-15.8482 129.6793 -784.1120
-16.6880 130.5191 -784.1120
-17.5278 131.3590 -784.1120
-70.4380 180.0699 -784.1120
-27.6060 109.5231 -783.1120
-26.7661 111.2027 -783.1120
-26.7661 112.0426 -783.1120
-25.9263 112.8824 -783.1120
-25.9263 113.7223 -783.1120
-25.0864 114.5621 -783.1120
-25.0864 115.4020 -783.1120
-25.0864 116.2418 -783.1120
-24.2466 116.2418 -783.1120
-28.4458 117.0816 -783.1120
-27.6060 117.0816 -783.1120
-26.7661 117.0816 -783.1120
-25.9263 117.0816 -783.1120
15.2261 117.0816 -783.1120
-4.0903 127.1598 -783.1120
-3.2505 127.9996 -783.1120
-2.4107 127.9996 -783.1120
0.1089 127.9996 -783.1120
-19.2075 132.1988 -783.1120
-18.3677 132.1988 -783.1120
-20.0474 133.0387 -783.1120
-20.8872 133.8785 -783.1120
-21.7271 134.7184 -783.1120
-69.5982 180.9098 -783.1120
-28.4458 107.0035 -782.1120
-28.4458 107.8434 -782.1120
-28.4458 108.6832 -782.1120
-27.6060 110.3629 -782.1120
-29.2857 117.0816 -782.1120
-30.9653 117.9215 -782.1120
-30.1255 117.9215 -782.1120
14.3862 117.9215 -782.1120
-1.5708 127.9996 -782.1120
-0.7310 127.9996 -782.1120
0.1089 127.9996 -782.1120
-23.4068 135.5582 -782.1120
-22.5669 135.5582 -782.1120
-24.2466 136.3981 -782.1120
-25.9263 137.2379 -782.1120
-25.0864 137.2379 -782.1120
-69.5982 180.9098 -782.1120
-30.1255 104.4840 -781.1120
-29.2857 105.3238 -781.1120
-29.2857 106.1637 -781.1120
-33.4849 117.9215 -781.1120
-32.6450 117.9215 -781.1120
-31.8052 117.9215 -781.1120
14.3862 117.9215 -781.1120
-34.3247 118.7613 -781.1120
0.9487 127.1598 -781.1120
-26.7661 138.0777 -781.1120
-26.7661 138.9176 -781.1120
-29.2857 139.7574 -781.1120
-28.4458 139.7574 -781.1120
-27.6060 139.7574 -781.1120
-30.9653 140.5973 -781.1120
-30.1255 140.5973 -781.1120
-31.8052 141.4371 -781.1120
-32.6450 142.2770 -781.1120
-68.7583 181.7496 -781.1120
-30.1255 102.8043 -780.1120
-30.1255 103.6441 -780.1120
-40.2036 118.7613 -780.1120
-39.3638 118.7613 -780.1120
-38.5239 118.7613 -780.1120
-37.6841 118.7613 -780.1120
-36.8443 118.7613 -780.1120
-36.0044 118.7613 -780.1120
-35.1646 118.7613 -780.1120
13.5464 118.7613 -780.1120
-41.8833 119.6012 -780.1120
-41.0435 119.6012 -780.1120
1.7886 126.3199 -780.1120
-67.9185 181.7496 -780.1120
-32.6450 99.4449 -779.1120
-31.8052 100.2848 -779.1120
-30.9653 101.1246 -779.1120
-30.1255 101.9645 -779.1120
12.7065 118.7613 -779.1120
-43.5630 120.4410 -779.1120
-42.7232 120.4410 -779.1120
5.1479 123.8004 -779.1120
4.3081 124.6402 -779.1120
2.6284 125.4801 -779.1120
-67.0786 181.7496 -779.1120
-32.6450 98.6051 -778.1120
11.8667 119.6012 -778.1120
5.9878 122.9606 -778.1120
6.8276 122.9606 -778.1120
3.4682 124.6402 -778.1120
-78.8364 178.3902 -778.1120
-77.9966 178.3902 -778.1120
-77.1568 178.3902 -778.1120
-76.3169 178.3902 -778.1120
-75.4771 178.3902 -778.1120
-74.6372 178.3902 -778.1120
-73.7974 178.3902 -778.1120
-72.9575 179.2301 -778.1120
-72.1177 179.2301 -778.1120
-71.2778 179.2301 -778.1120
-70.4380 179.2301 -778.1120
-68.7583 180.0699 -778.1120
-66.2388 182.5895 -778.1120
11.0268 120.4410 -777.1120
7.6675 122.1207 -777.1120
-69.5982 180.0699 -777.1120
-67.9185 180.9098 -777.1120
-67.0786 181.7496 -777.1120
-65.3989 182.5895 -777.1120
11.0268 120.4410 -776.1120
8.5073 122.1207 -776.1120
9.3472 122.1207 -776.1120
-64.5591 183.4293 -776.1120
-63.7193 183.4293 -776.1120
10.1870 121.2809 -775.1120
-62.8794 184.2691 -775.1120
10.1870 121.2809 -774.1120
-25.0864 180.9098 -774.1120
-62.0396 184.2691 -774.1120
-62.8794 185.1090 -774.1120
-65.3989 186.7887 -774.1120
9.3472 121.2809 -773.1120
-25.0864 180.9098 -773.1120
-41.0435 181.7496 -773.1120
-61.1997 185.1090 -773.1120
-63.7193 185.9488 -773.1120
-64.5591 186.7887 -773.1120
9.3472 122.1207 -772.1120
-25.0864 180.9098 -772.1120
-41.0435 181.7496 -772.1120
-60.3599 185.1090 -772.1120
-59.5200 185.1090 -772.1120
9.3472 122.9606 -771.1120
-25.0864 180.0699 -771.1120
-54.4810 181.7496 -771.1120
-41.0435 181.7496 -771.1120
-58.6802 185.1090 -771.1120
-57.8403 185.9488 -771.1120
8.5073 122.1207 -770.1120
9.3472 123.8004 -770.1120
10.1870 124.6402 -770.1120
11.0268 125.4801 -770.1120
-25.0864 180.0699 -770.1120
-53.6411 181.7496 -770.1120
-41.0435 182.5895 -770.1120
-57.0005 185.9488 -770.1120
8.5073 122.1207 -769.1120
11.8667 126.3199 -769.1120
-25.0864 179.2301 -769.1120
-53.6411 182.5895 -769.1120
-41.0435 182.5895 -769.1120
-56.1607 185.9488 -769.1120
-55.3208 185.9488 -769.1120
8.5073 122.9606 -768.1120
11.0268 126.3199 -768.1120
-25.0864 179.2301 -768.1120
-40.2036 182.5895 -768.1120
-53.6411 183.4293 -768.1120
-53.6411 184.2691 -768.1120
-52.8013 185.1090 -768.1120
-54.4810 185.9488 -768.1120
-53.6411 185.9488 -768.1120
7.6675 122.9606 -767.1120
11.8667 126.3199 -767.1120
-25.0864 179.2301 -767.1120
-41.0435 182.5895 -767.1120
-52.8013 185.9488 -767.1120
6.8276 122.1207 -766.1120
11.8667 127.1598 -766.1120
-25.9263 179.2301 -766.1120
-40.2036 182.5895 -766.1120
-51.9614 185.9488 -766.1120
-51.1216 185.9488 -766.1120
6.8276 122.1207 -765.1120
11.8667 127.1598 -765.1120
-25.9263 178.3902 -765.1120
-39.3638 182.5895 -765.1120
-50.2818 185.9488 -765.1120
6.8276 122.1207 -764.1120
11.8667 127.1598 -764.1120
-25.0864 178.3902 -764.1120
-39.3638 182.5895 -764.1120
-49.4419 186.7887 -764.1120
6.8276 120.4410 -763.1120
6.8276 121.2809 -763.1120
11.8667 127.1598 -763.1120
-25.9263 177.5504 -763.1120
-39.3638 182.5895 -763.1120
-49.4419 186.7887 -763.1120
6.8276 118.7613 -762.1120
6.8276 119.6012 -762.1120
5.9878 122.1207 -762.1120
11.8667 127.9996 -762.1120
-25.9263 176.7106 -762.1120
-39.3638 183.4293 -762.1120
-48.6021 186.7887 -762.1120
-47.7622 186.7887 -762.1120
-46.9224 186.7887 -762.1120
-50.2818 187.6285 -762.1120
-52.8013 190.9879 -762.1120
-53.6411 191.8277 -762.1120
-53.6411 192.6676 -762.1120
6.8276 117.9215 -761.1120
5.9878 122.1207 -761.1120
11.8667 127.9996 -761.1120
-25.0864 176.7106 -761.1120
-42.7232 181.7496 -761.1120
-41.8833 181.7496 -761.1120
-41.0435 181.7496 -761.1120
-40.2036 182.5895 -761.1120
-39.3638 182.5895 -761.1120
-46.0825 186.7887 -761.1120
-51.1216 188.4684 -761.1120
-51.9614 189.3082 -761.1120
-51.9614 190.1481 -761.1120
7.6675 117.0816 -760.1120
5.1479 122.1207 -760.1120
12.7065 127.9996 -760.1120
-25.0864 176.7106 -760.1120
-38.5239 183.4293 -760.1120
-45.2427 187.6285 -760.1120
8.5073 116.2418 -759.1120
5.1479 122.1207 -759.1120
12.7065 127.9996 -759.1120
-25.9263 175.8707 -759.1120
-37.6841 183.4293 -759.1120
-44.4028 187.6285 -759.1120
-43.5630 187.6285 -759.1120
8.5073 116.2418 -758.1120
5.1479 122.9606 -758.1120
13.5464 127.9996 -758.1120
-25.9263 175.8707 -758.1120
-37.6841 183.4293 -758.1120
-42.7232 187.6285 -758.1120
9.3472 115.4020 -757.1120
4.3081 123.8004 -757.1120
13.5464 127.9996 -757.1120
-39.3638 159.0738 -757.1120
-25.0864 175.8707 -757.1120
-37.6841 184.2691 -757.1120
-41.8833 187.6285 -757.1120
10.1870 115.4020 -756.1120
4.3081 124.6402 -756.1120
13.5464 127.9996 -756.1120
-38.5239 158.2340 -756.1120
-24.2466 175.8707 -756.1120
-36.8443 185.1090 -756.1120
-40.2036 186.7887 -756.1120
-41.0435 187.6285 -756.1120
11.0268 115.4020 -755.1120
3.4682 124.6402 -755.1120
13.5464 127.9996 -755.1120
-37.6841 158.2340 -755.1120
-24.2466 175.8707 -755.1120
-37.6841 185.9488 -755.1120
-39.3638 186.7887 -755.1120
-38.5239 186.7887 -755.1120
11.0268 116.2418 -754.1120
3.4682 124.6402 -754.1120
13.5464 127.9996 -754.1120
-36.8443 157.3941 -754.1120
-25.0864 175.0309 -754.1120
-37.6841 186.7887 -754.1120
11.0268 116.2418 -753.1120
2.6284 124.6402 -753.1120
13.5464 127.9996 -753.1120
-36.0044 156.5543 -753.1120
-25.0864 175.0309 -753.1120
-36.8443 186.7887 -753.1120
11.8667 116.2418 -752.1120
2.6284 124.6402 -752.1120
13.5464 128.8395 -752.1120
-36.0044 156.5543 -752.1120
-24.2466 175.0309 -752.1120
-36.0044 185.9488 -752.1120
-35.1646 185.9488 -752.1120
11.8667 116.2418 -751.1120
14.3862 127.9996 -751.1120
-35.1646 155.7145 -751.1120
-24.2466 175.8707 -751.1120
-34.3247 185.1090 -751.1120
12.7065 117.0816 -750.1120
13.5464 117.9215 -750.1120
14.3862 118.7613 -750.1120
14.3862 119.6012 -750.1120
14.3862 120.4410 -750.1120
15.2261 121.2809 -750.1120
16.0659 122.1207 -750.1120
16.0659 122.9606 -750.1120
16.0659 123.8004 -750.1120
15.2261 127.1598 -750.1120
-34.3247 155.7145 -750.1120
-23.4068 175.8707 -750.1120
-32.6450 184.2691 -750.1120
-33.4849 185.1090 -750.1120
15.2261 124.6402 -749.1120
15.2261 125.4801 -749.1120
15.2261 126.3199 -749.1120
-33.4849 155.7145 -749.1120
-32.6450 155.7145 -749.1120
-23.4068 175.8707 -749.1120
-30.9653 183.4293 -749.1120
-31.8052 184.2691 -749.1120
15.2261 126.3199 -748.1120
-31.8052 155.7145 -748.1120
-30.9653 155.7145 -748.1120
-22.5669 175.8707 -748.1120
-30.1255 183.4293 -748.1120
-29.2857 183.4293 -748.1120
14.3862 126.3199 -747.1120
-30.1255 155.7145 -747.1120
-22.5669 175.8707 -747.1120
-28.4458 182.5895 -747.1120
-28.4458 184.2691 -747.1120
-27.6060 185.1090 -747.1120
-27.6060 185.9488 -747.1120
-27.6060 186.7887 -747.1120
14.3862 126.3199 -746.1120
-29.2857 155.7145 -746.1120
-23.4068 176.7106 -746.1120
-25.9263 180.0699 -746.1120
-26.7661 180.9098 -746.1120
-27.6060 181.7496 -746.1120
-46.9224 123.8004 -745.1120
14.3862 126.3199 -745.1120
-28.4458 155.7145 -745.1120
-23.4068 176.7106 -745.1120
-24.2466 178.3902 -745.1120
-25.0864 179.2301 -745.1120
-80.5161 190.1481 -745.1120
-46.0825 122.9606 -744.1120
14.3862 126.3199 -744.1120
-27.6060 155.7145 -744.1120
-51.9614 159.0738 -744.1120
-51.1216 159.0738 -744.1120
-50.2818 159.0738 -744.1120
-54.4810 159.9137 -744.1120
-53.6411 159.9137 -744.1120
-52.8013 159.9137 -744.1120
-22.5669 175.8707 -744.1120
-24.2466 177.5504 -744.1120
-79.6763 190.1481 -744.1120
-78.8364 190.9879 -744.1120
-45.2427 122.9606 -743.1120
13.5464 125.4801 -743.1120
-44.4028 155.7145 -743.1120
-43.5630 155.7145 -743.1120
-42.7232 155.7145 -743.1120
-41.8833 155.7145 -743.1120
-41.0435 155.7145 -743.1120
-40.2036 155.7145 -743.1120
-26.7661 155.7145 -743.1120
-45.2427 156.5543 -743.1120
-49.4419 158.2340 -743.1120
-48.6021 158.2340 -743.1120
-47.7622 158.2340 -743.1120
-46.9224 158.2340 -743.1120
-21.7271 175.0309 -743.1120
-77.9966 190.1481 -743.1120
-77.1568 190.9879 -743.1120
-76.3169 190.9879 -743.1120
-75.4771 190.9879 -743.1120
-44.4028 122.1207 -742.1120
13.5464 125.4801 -742.1120
-39.3638 155.7145 -742.1120
-38.5239 155.7145 -742.1120
-37.6841 155.7145 -742.1120
-25.9263 155.7145 -742.1120
-46.0825 157.3941 -742.1120
-20.8872 173.3512 -742.1120
-21.7271 174.1910 -742.1120
-74.6372 190.9879 -742.1120
-43.5630 121.2809 -741.1120
13.5464 125.4801 -741.1120
-36.8443 155.7145 -741.1120
-36.0044 155.7145 -741.1120
-35.1646 155.7145 -741.1120
-34.3247 155.7145 -741.1120
-33.4849 155.7145 -741.1120
-30.1255 155.7145 -741.1120
-29.2857 155.7145 -741.1120
-28.4458 155.7145 -741.1120
-27.6060 155.7145 -741.1120
-26.7661 155.7145 -741.1120
-25.0864 155.7145 -741.1120
-20.8872 172.5113 -741.1120
-73.7974 190.9879 -741.1120
-72.9575 190.9879 -741.1120
-72.1177 190.9879 -741.1120
-41.8833 120.4410 -740.1120
-42.7232 121.2809 -740.1120
12.7065 126.3199 -740.1120
-32.6450 154.8746 -740.1120
-31.8052 154.8746 -740.1120
-30.9653 154.8746 -740.1120
-24.2466 155.7145 -740.1120
-20.8872 171.6715 -740.1120
-37.6841 180.0699 -740.1120
-39.3638 180.9098 -740.1120
-46.9224 184.2691 -740.1120
-48.6021 185.1090 -740.1120
-50.2818 185.9488 -740.1120
-51.9614 186.7887 -740.1120
-51.1216 186.7887 -740.1120
-71.2778 190.9879 -740.1120
-70.4380 190.9879 -740.1120
-69.5982 190.9879 -740.1120
-68.7583 190.9879 -740.1120
-67.9185 190.9879 -740.1120
-67.0786 190.9879 -740.1120
-66.2388 190.9879 -740.1120
-65.3989 190.9879 -740.1120
-64.5591 190.9879 -740.1120
-41.0435 120.4410 -739.1120
12.7065 126.3199 -739.1120
-23.4068 155.7145 -739.1120
-22.5669 155.7145 -739.1120
-18.3677 168.3121 -739.1120
-19.2075 169.1520 -739.1120
-20.0474 169.9918 -739.1120
-20.8872 170.8316 -739.1120
-30.1255 175.8707 -739.1120
-32.6450 176.7106 -739.1120
-31.8052 176.7106 -739.1120
-30.9653 176.7106 -739.1120
-34.3247 177.5504 -739.1120
-33.4849 177.5504 -739.1120
-35.1646 178.3902 -739.1120
-36.8443 179.2301 -739.1120
-36.0044 179.2301 -739.1120
-38.5239 180.0699 -739.1120
-40.2036 180.9098 -739.1120
-42.7232 181.7496 -739.1120
-41.8833 181.7496 -739.1120
-41.0435 181.7496 -739.1120
-44.4028 182.5895 -739.1120
-43.5630 182.5895 -739.1120
-46.0825 183.4293 -739.1120
-45.2427 183.4293 -739.1120
-47.7622 184.2691 -739.1120
-49.4419 185.1090 -739.1120
-52.8013 187.6285 -739.1120
-55.3208 188.4684 -739.1120
-54.4810 188.4684 -739.1120
-53.6411 188.4684 -739.1120
-57.8403 189.3082 -739.1120
-57.0005 189.3082 -739.1120
-62.0396 190.1481 -739.1120
-61.1997 190.1481 -739.1120
-60.3599 190.1481 -739.1120
-59.5200 190.1481 -739.1120
-58.6802 190.1481 -739.1120
-63.7193 190.9879 -739.1120
-41.0435 120.4410 -738.1120
12.7065 125.4801 -738.1120
-21.7271 155.7145 -738.1120
-20.8872 155.7145 -738.1120
-16.6880 165.7926 -738.1120
-17.5278 166.6324 -738.1120
-17.5278 167.4723 -738.1120
-22.5669 171.6715 -738.1120
-21.7271 171.6715 -738.1120
-24.2466 172.5113 -738.1120
-23.4068 172.5113 -738.1120
-25.9263 173.3512 -738.1120
-25.0864 173.3512 -738.1120
-26.7661 174.1910 -738.1120
-27.6060 175.0309 -738.1120
-29.2857 175.8707 -738.1120
-28.4458 175.8707 -738.1120
-56.1607 189.3082 -738.1120
-62.8794 190.1481 -738.1120
-63.7193 190.9879 -738.1120
-40.2036 119.6012 -737.1120
12.7065 125.4801 -737.1120
-20.0474 155.7145 -737.1120
-19.2075 155.7145 -737.1120
-15.8482 164.1129 -737.1120
-16.6880 164.9527 -737.1120
-64.5591 190.1481 -737.1120
-39.3638 118.7613 -736.1120
-38.5239 118.7613 -736.1120
12.7065 125.4801 -736.1120
-18.3677 154.8746 -736.1120
-17.5278 155.7145 -736.1120
-14.1685 162.4332 -736.1120
-15.0083 163.2731 -736.1120
-37.6841 118.7613 -735.1120
-36.8443 118.7613 -735.1120
11.8667 126.3199 -735.1120
11.0268 127.1598 -735.1120
-16.6880 154.8746 -735.1120
-13.3286 160.7535 -735.1120
-14.1685 161.5934 -735.1120
-36.0044 119.6012 -734.1120
11.8667 126.3199 -734.1120
9.3472 127.9996 -734.1120
10.1870 127.9996 -734.1120
-15.8482 154.0348 -734.1120
-15.0083 154.0348 -734.1120
-12.4888 159.0738 -734.1120
-13.3286 159.9137 -734.1120
-35.1646 119.6012 -733.1120
12.7065 126.3199 -733.1120
8.5073 127.9996 -733.1120
-14.1685 154.8746 -733.1120
-13.3286 155.7145 -733.1120
-12.4888 156.5543 -733.1120
-12.4888 157.3941 -733.1120
-12.4888 158.2340 -733.1120
-34.3247 120.4410 -732.1120
12.7065 126.3199 -732.1120
6.8276 127.9996 -732.1120
7.6675 127.9996 -732.1120
-10.8091 154.0348 -732.1120
-10.8091 154.8746 -732.1120
-11.6489 155.7145 -732.1120
-34.3247 120.4410 -731.1120
-68.7583 123.8004 -731.1120
-67.9185 123.8004 -731.1120
-67.0786 123.8004 -731.1120
-66.2388 123.8004 -731.1120
-65.3989 123.8004 -731.1120
-64.5591 123.8004 -731.1120
-63.7193 123.8004 -731.1120
-62.8794 123.8004 -731.1120
-62.0396 123.8004 -731.1120
-61.1997 123.8004 -731.1120
-60.3599 123.8004 -731.1120
-59.5200 123.8004 -731.1120
-58.6802 123.8004 -731.1120
-57.8403 123.8004 -731.1120
13.5464 126.3199 -731.1120
5.9878 128.8395 -731.1120
5.9878 129.6793 -731.1120
5.9878 130.5191 -731.1120
-9.9693 153.1949 -731.1120
-41.8833 117.9215 -730.1120
-41.8833 118.7613 -730.1120
-33.4849 120.4410 -730.1120
-57.0005 122.9606 -730.1120
-56.1607 122.9606 -730.1120
-55.3208 122.9606 -730.1120
-54.4810 122.9606 -730.1120
-53.6411 122.9606 -730.1120
14.3862 126.3199 -730.1120
5.1479 131.3590 -730.1120
-9.9693 152.3551 -730.1120
-42.7232 119.6012 -729.1120
-32.6450 121.2809 -729.1120
-51.9614 122.1207 -729.1120
-51.1216 122.1207 -729.1120
-50.2818 122.1207 -729.1120
-52.8013 122.9606 -729.1120
14.3862 126.3199 -729.1120
4.3081 131.3590 -729.1120
-9.1294 151.5152 -729.1120
-41.8833 118.7613 -728.1120
-44.4028 119.6012 -728.1120
-47.7622 121.2809 -728.1120
-46.9224 121.2809 -728.1120
-32.6450 121.2809 -728.1120
-49.4419 122.1207 -728.1120
-48.6021 122.1207 -728.1120
15.2261 126.3199 -728.1120
3.4682 132.1988 -728.1120
-8.2896 150.6754 -728.1120
-41.8833 117.0816 -727.1120
-41.0435 117.9215 -727.1120
-40.2036 118.7613 -727.1120
-39.3638 118.7613 -727.1120
-38.5239 118.7613 -727.1120
-43.5630 119.6012 -727.1120
-42.7232 119.6012 -727.1120
-37.6841 119.6012 -727.1120
-36.8443 119.6012 -727.1120
-36.0044 119.6012 -727.1120
-46.0825 120.4410 -727.1120
-45.2427 120.4410 -727.1120
-35.1646 120.4410 -727.1120
-34.3247 120.4410 -727.1120
-33.4849 120.4410 -727.1120
-31.8052 121.2809 -727.1120
15.2261 126.3199 -727.1120
2.6284 132.1988 -727.1120
-3.2505 142.2770 -727.1120
-4.0903 143.1168 -727.1120
-4.9302 144.7965 -727.1120
-4.9302 145.6363 -727.1120
-5.7700 146.4762 -727.1120
-6.6099 148.1559 -727.1120
-7.4497 148.9957 -727.1120
-8.2896 149.8356 -727.1120
-46.9224 111.2027 -726.1120
-46.0825 112.8824 -726.1120
-45.2427 113.7223 -726.1120
-44.4028 114.5621 -726.1120
-43.5630 115.4020 -726.1120
-42.7232 116.2418 -726.1120
-30.9653 122.1207 -726.1120
-30.1255 122.9606 -726.1120
15.2261 127.1598 -726.1120
1.7886 132.1988 -726.1120
0.9487 133.0387 -726.1120
-1.5708 135.5582 -726.1120
-3.2505 137.2379 -726.1120
-3.2505 138.0777 -726.1120
-3.2505 138.9176 -726.1120
-3.2505 139.7574 -726.1120
-3.2505 140.5973 -726.1120
-3.2505 141.4371 -726.1120
-4.9302 143.9566 -726.1120
-6.6099 147.3160 -726.1120
-46.9224 101.1246 -725.1120
-46.9224 101.9645 -725.1120
-46.9224 102.8043 -725.1120
-46.9224 103.6441 -725.1120
-46.9224 104.4840 -725.1120
-46.9224 105.3238 -725.1120
-47.7622 106.1637 -725.1120
-47.7622 107.0035 -725.1120
-47.7622 107.8434 -725.1120
-47.7622 108.6832 -725.1120
-49.4419 109.5231 -725.1120
-48.6021 109.5231 -725.1120
-47.7622 110.3629 -725.1120
-46.9224 112.0426 -725.1120
-29.2857 122.9606 -725.1120
-28.4458 123.8004 -725.1120
15.2261 127.1598 -725.1120
0.1089 133.8785 -725.1120
-0.7310 134.7184 -725.1120
-2.4107 135.5582 -725.1120
-3.2505 136.3981 -725.1120
-57.0005 105.3238 -724.1120
-55.3208 106.1637 -724.1120
-54.4810 106.1637 -724.1120
-53.6411 107.0035 -724.1120
-52.8013 107.0035 -724.1120
-51.9614 107.8434 -724.1120
-51.1216 108.6832 -724.1120
-50.2818 108.6832 -724.1120
-27.6060 123.8004 -724.1120
-26.7661 124.6402 -724.1120
16.0659 127.1598 -724.1120
-2.4107 135.5582 -724.1120
-57.8403 104.4840 -723.1120
-56.1607 105.3238 -723.1120
-25.9263 124.6402 -723.1120
-25.0864 125.4801 -723.1120
16.9057 127.1598 -723.1120
-3.2505 135.5582 -723.1120
-59.5200 102.8043 -722.1120
-58.6802 103.6441 -722.1120
-24.2466 126.3199 -722.1120
-23.4068 126.3199 -722.1120
16.9057 127.9996 -722.1120
-4.0903 135.5582 -722.1120
-60.3599 101.9645 -721.1120
-22.5669 127.1598 -721.1120
-21.7271 127.9996 -721.1120
-20.8872 127.9996 -721.1120
-20.0474 127.9996 -721.1120
17.7456 127.9996 -721.1120
-17.5278 129.6793 -721.1120
-16.6880 130.5191 -721.1120
-16.6880 131.3590 -721.1120
-16.6880 132.1988 -721.1120
-4.9302 136.3981 -721.1120
-62.0396 99.4449 -720.1120
-62.0396 100.2848 -720.1120
-61.1997 101.1246 -720.1120
17.7456 127.9996 -720.1120
-19.2075 128.8395 -720.1120
-18.3677 128.8395 -720.1120
-17.5278 133.0387 -720.1120
-16.6880 133.8785 -720.1120
-15.8482 134.7184 -720.1120
-15.8482 135.5582 -720.1120
-4.9302 135.5582 -720.1120
-5.7700 136.3981 -720.1120
-6.6099 137.2379 -720.1120
-63.7193 98.6051 -719.1120
-62.8794 98.6051 -719.1120
18.5854 127.9996 -719.1120
-4.9302 134.7184 -719.1120
-15.0083 136.3981 -719.1120
-7.4497 137.2379 -719.1120
19.4253 127.9996 -718.1120
-14.1685 137.2379 -718.1120
-8.2896 138.0777 -718.1120
19.4253 127.9996 -717.1120
-13.3286 138.0777 -717.1120
-9.9693 138.0777 -717.1120
-9.1294 138.0777 -717.1120
-75.4771 158.2340 -717.1120
-74.6372 159.0738 -717.1120
20.2651 127.9996 -716.1120
-13.3286 138.0777 -716.1120
-10.8091 138.9176 -716.1120
-73.7974 159.0738 -716.1120
-72.9575 159.0738 -716.1120
-72.1177 159.0738 -716.1120
21.1050 128.8395 -715.1120
-15.0083 138.9176 -715.1120
-14.1685 138.9176 -715.1120
-12.4888 138.9176 -715.1120
-11.6489 138.9176 -715.1120
-9.9693 138.9176 -715.1120
-71.2778 159.0738 -715.1120
-70.4380 159.0738 -715.1120
-69.5982 159.0738 -715.1120
21.9448 128.8395 -714.1120
-15.8482 138.9176 -714.1120
-9.9693 139.7574 -714.1120
-68.7583 159.0738 -714.1120
-67.9185 159.0738 -714.1120
-67.0786 159.0738 -714.1120
22.7847 128.8395 -713.1120
-16.6880 138.9176 -713.1120
-9.9693 140.5973 -713.1120
-9.9693 141.4371 -713.1120
-66.2388 159.0738 -713.1120
-65.3989 159.0738 -713.1120
-64.5591 159.0738 -713.1120
22.7847 128.8395 -712.1120
-24.2466 134.7184 -712.1120
-24.2466 135.5582 -712.1120
-24.2466 136.3981 -712.1120
-24.2466 137.2379 -712.1120
-17.5278 138.9176 -712.1120
-9.9693 142.2770 -712.1120
-63.7193 159.0738 -712.1120
-62.8794 159.0738 -712.1120
-62.0396 159.0738 -712.1120
-25.0864 133.0387 -711.1120
-25.0864 133.8785 -711.1120
-23.4068 138.0777 -711.1120
-19.2075 139.7574 -711.1120
-18.3677 139.7574 -711.1120
-9.9693 143.1168 -711.1120
-59.5200 158.2340 -711.1120
-58.6802 158.2340 -711.1120
-61.1997 159.0738 -711.1120
-60.3599 159.0738 -711.1120
-25.0864 132.1988 -710.1120
-23.4068 138.9176 -710.1120
-20.8872 139.7574 -710.1120
-20.0474 139.7574 -710.1120
-9.9693 143.9566 -710.1120
-57.8403 158.2340 -710.1120
-57.0005 158.2340 -710.1120
-56.1607 158.2340 -710.1120
22.7847 179.2301 -710.1120
-22.5669 139.7574 -709.1120
-21.7271 139.7574 -709.1120
-9.9693 144.7965 -709.1120
-55.3208 158.2340 -709.1120
-54.4810 158.2340 -709.1120
23.6245 178.3902 -709.1120
-23.4068 139.7574 -708.1120
-9.9693 145.6363 -708.1120
-53.6411 158.2340 -708.1120
23.6245 177.5504 -708.1120
-29.2857 136.3981 -707.1120
-29.2857 137.2379 -707.1120
-29.2857 138.0777 -707.1120
-25.0864 140.5973 -707.1120
-24.2466 140.5973 -707.1120
-9.9693 146.4762 -707.1120
-52.8013 158.2340 -707.1120
24.4643 176.7106 -707.1120
-29.2857 138.9176 -706.1120
-26.7661 140.5973 -706.1120
-25.9263 140.5973 -706.1120
-9.1294 147.3160 -706.1120
-51.9614 158.2340 -706.1120
23.6245 175.8707 -706.1120
-29.2857 139.7574 -705.1120
-28.4458 140.5973 -705.1120
-27.6060 140.5973 -705.1120
-8.2896 148.1559 -705.1120
-51.1216 157.3941 -705.1120
-50.2818 157.3941 -705.1120
22.7847 175.8707 -705.1120
-29.2857 140.5973 -704.1120
-7.4497 148.9957 -704.1120
-49.4419 156.5543 -704.1120
21.9448 175.0309 -704.1120
-30.1255 141.4371 -703.1120
-30.9653 142.2770 -703.1120
-30.9653 143.1168 -703.1120
-31.8052 143.9566 -703.1120
-6.6099 149.8356 -703.1120
-7.4497 153.1949 -703.1120
-7.4497 154.0348 -703.1120
-49.4419 156.5543 -703.1120
21.1050 174.1910 -703.1120
-30.9653 140.5973 -702.1120
-32.6450 144.7965 -702.1120
-5.7700 150.6754 -702.1120
-5.7700 151.5152 -702.1120
-6.6099 152.3551 -702.1120
-48.6021 156.5543 -702.1120
20.2651 174.1910 -702.1120
21.1050 175.0309 -702.1120
-30.9653 140.5973 -701.1120
-33.4849 144.7965 -701.1120
-34.3247 145.6363 -701.1120
-35.1646 146.4762 -701.1120
-36.0044 147.3160 -701.1120
-36.8443 148.1559 -701.1120
-39.3638 149.8356 -701.1120
-4.9302 150.6754 -701.1120
-48.6021 156.5543 -701.1120
19.4253 173.3512 -701.1120
21.9448 175.0309 -701.1120
22.7847 175.8707 -701.1120
-80.5161 126.3199 -700.1120
-79.6763 126.3199 -700.1120
-78.8364 126.3199 -700.1120
-35.1646 135.5582 -700.1120
-32.6450 139.7574 -700.1120
-31.8052 139.7574 -700.1120
-37.6841 148.1559 -700.1120
-38.5239 148.9957 -700.1120
-40.2036 149.8356 -700.1120
-41.0435 150.6754 -700.1120
-41.8833 151.5152 -700.1120
-4.0903 151.5152 -700.1120
-43.5630 152.3551 -700.1120
-42.7232 152.3551 -700.1120
-45.2427 153.1949 -700.1120
-44.4028 153.1949 -700.1120
-41.8833 153.1949 -700.1120
-46.0825 154.0348 -700.1120
-41.0435 154.0348 -700.1120
-46.9224 154.8746 -700.1120
-48.6021 155.7145 -700.1120
-47.7622 155.7145 -700.1120
12.7065 169.1520 -700.1120
18.5854 172.5113 -700.1120
23.6245 176.7106 -700.1120
24.4643 176.7106 -700.1120
-82.1958 126.3199 -699.1120
-81.3560 126.3199 -699.1120
-77.9966 126.3199 -699.1120
-77.1568 126.3199 -699.1120
-76.3169 126.3199 -699.1120
-75.4771 126.3199 -699.1120
-74.6372 126.3199 -699.1120
-73.7974 126.3199 -699.1120
-35.1646 136.3981 -699.1120
-34.3247 138.9176 -699.1120
-33.4849 138.9176 -699.1120
-3.2505 152.3551 -699.1120
-41.0435 154.8746 -699.1120
-41.0435 155.7145 -699.1120
-49.4419 156.5543 -699.1120
-41.0435 156.5543 -699.1120
-50.2818 157.3941 -699.1120
-41.0435 157.3941 -699.1120
-41.0435 158.2340 -699.1120
8.5073 158.2340 -699.1120
9.3472 158.2340 -699.1120
-41.0435 159.0738 -699.1120
-41.0435 159.9137 -699.1120
13.5464 168.3121 -699.1120
17.7456 171.6715 -699.1120
25.3042 177.5504 -699.1120
26.1440 177.5504 -699.1120
-69.5982 125.4801 -698.1120
-68.7583 125.4801 -698.1120
-67.9185 125.4801 -698.1120
-87.2349 126.3199 -698.1120
-86.3950 126.3199 -698.1120
-85.5552 126.3199 -698.1120
-84.7153 126.3199 -698.1120
-83.0357 126.3199 -698.1120
-72.9575 126.3199 -698.1120
-72.1177 126.3199 -698.1120
-71.2778 126.3199 -698.1120
-70.4380 126.3199 -698.1120
-83.8755 127.1598 -698.1120
-36.0044 136.3981 -698.1120
-35.1646 138.9176 -698.1120
-2.4107 153.1949 -698.1120
-51.1216 157.3941 -698.1120
-51.9614 158.2340 -698.1120
7.6675 158.2340 -698.1120
-52.8013 159.0738 -698.1120
-53.6411 159.9137 -698.1120
-41.0435 160.7535 -698.1120
-41.0435 161.5934 -698.1120
-41.0435 162.4332 -698.1120
14.3862 168.3121 -698.1120
16.0659 169.9918 -698.1120
16.9057 170.8316 -698.1120
-67.0786 125.4801 -697.1120
-66.2388 125.4801 -697.1120
-65.3989 125.4801 -697.1120
-63.7193 125.4801 -697.1120
-62.8794 125.4801 -697.1120
-35.1646 135.5582 -697.1120
-36.8443 137.2379 -697.1120
-36.0044 138.9176 -697.1120
-1.5708 154.0348 -697.1120
0.1089 154.8746 -697.1120
0.9487 154.8746 -697.1120
1.7886 155.7145 -697.1120
6.8276 159.0738 -697.1120
-54.4810 159.9137 -697.1120
-55.3208 160.7535 -697.1120
-56.1607 161.5934 -697.1120
-57.0005 162.4332 -697.1120
14.3862 168.3121 -697.1120
15.2261 169.1520 -697.1120
-64.5591 125.4801 -696.1120
-62.0396 125.4801 -696.1120
-36.0044 133.0387 -696.1120
-35.1646 133.0387 -696.1120
-36.8443 133.8785 -696.1120
-37.6841 134.7184 -696.1120
-37.6841 135.5582 -696.1120
-34.3247 135.5582 -696.1120
-37.6841 136.3981 -696.1120
-36.8443 138.0777 -696.1120
-0.7310 154.8746 -696.1120
2.6284 156.5543 -696.1120
3.4682 156.5543 -696.1120
4.3081 157.3941 -696.1120
5.9878 158.2340 -696.1120
-57.8403 162.4332 -696.1120
11.0268 163.2731 -696.1120
11.0268 164.1129 -696.1120
11.8667 164.9527 -696.1120
11.8667 165.7926 -696.1120
12.7065 166.6324 -696.1120
13.5464 167.4723 -696.1120
-74.6372 204.4254 -696.1120
-61.1997 124.6402 -695.1120
-60.3599 124.6402 -695.1120
-34.3247 133.8785 -695.1120
-33.4849 134.7184 -695.1120
-38.5239 136.3981 -695.1120
-37.6841 138.9176 -695.1120
-0.7310 154.8746 -695.1120
5.1479 158.2340 -695.1120
6.8276 159.0738 -695.1120
7.6675 159.9137 -695.1120
8.5073 160.7535 -695.1120
9.3472 161.5934 -695.1120
10.1870 162.4332 -695.1120
-60.3599 163.2731 -695.1120
-58.6802 163.2731 -695.1120
-59.5200 164.1129 -695.1120
-60.3599 164.9527 -695.1120
-59.5200 164.9527 -695.1120
-61.1997 165.7926 -695.1120
-58.6802 165.7926 -695.1120
-73.7974 203.5856 -695.1120
-59.5200 124.6402 -694.1120
-58.6802 124.6402 -694.1120
-39.3638 135.5582 -694.1120
-37.6841 139.7574 -694.1120
-0.7310 154.8746 -694.1120
11.0268 161.5934 -694.1120
11.8667 161.5934 -694.1120
-61.1997 162.4332 -694.1120
-62.0396 166.6324 -694.1120
-57.8403 166.6324 -694.1120
-62.8794 167.4723 -694.1120
-57.8403 167.4723 -694.1120
-63.7193 168.3121 -694.1120
-64.5591 169.1520 -694.1120
-67.0786 173.3512 -694.1120
-67.0786 174.1910 -694.1120
-67.9185 175.0309 -694.1120
-67.9185 175.8707 -694.1120
-68.7583 176.7106 -694.1120
-68.7583 177.5504 -694.1120
-68.7583 178.3902 -694.1120
-69.5982 179.2301 -694.1120
-69.5982 180.0699 -694.1120
-69.5982 180.9098 -694.1120
-70.4380 182.5895 -694.1120
-70.4380 183.4293 -694.1120
-70.4380 184.2691 -694.1120
-71.2778 185.1090 -694.1120
-71.2778 185.9488 -694.1120
-71.2778 186.7887 -694.1120
-71.2778 187.6285 -694.1120
-72.9575 202.7457 -694.1120
-57.8403 124.6402 -693.1120
-57.0005 124.6402 -693.1120
-40.2036 135.5582 -693.1120
-38.5239 139.7574 -693.1120
-0.7310 155.7145 -693.1120
-78.8364 158.2340 -693.1120
-77.9966 158.2340 -693.1120
-77.1568 158.2340 -693.1120
-76.3169 158.2340 -693.1120
-75.4771 159.0738 -693.1120
-74.6372 159.0738 -693.1120
-73.7974 159.0738 -693.1120
-72.9575 159.9137 -693.1120
12.7065 160.7535 -693.1120
13.5464 160.7535 -693.1120
-65.3989 161.5934 -693.1120
-64.5591 161.5934 -693.1120
-62.8794 161.5934 -693.1120
-62.0396 161.5934 -693.1120
-57.8403 168.3121 -693.1120
-65.3989 169.1520 -693.1120
-57.8403 169.1520 -693.1120
-66.2388 169.9918 -693.1120
-67.0786 170.8316 -693.1120
-67.9185 171.6715 -693.1120
-67.0786 172.5113 -693.1120
-69.5982 181.7496 -693.1120
-71.2778 188.4684 -693.1120
-71.2778 189.3082 -693.1120
-72.9575 201.9059 -693.1120
-46.9224 118.7613 -692.1120
-47.7622 119.6012 -692.1120
-56.1607 123.8004 -692.1120
-50.2818 123.8004 -692.1120
-41.0435 133.8785 -692.1120
-40.2036 134.7184 -692.1120
-38.5239 139.7574 -692.1120
-0.7310 155.7145 -692.1120
-72.1177 159.9137 -692.1120
-71.2778 159.9137 -692.1120
-70.4380 160.7535 -692.1120
-69.5982 160.7535 -692.1120
-68.7583 160.7535 -692.1120
-67.9185 160.7535 -692.1120
-67.0786 161.5934 -692.1120
-66.2388 161.5934 -692.1120
-63.7193 162.4332 -692.1120
-57.0005 169.9918 -692.1120
-68.7583 170.8316 -692.1120
-56.1607 170.8316 -692.1120
-70.4380 171.6715 -692.1120
-69.5982 171.6715 -692.1120
-56.1607 171.6715 -692.1120
-71.2778 172.5113 -692.1120
-72.1177 173.3512 -692.1120
-71.2778 190.1481 -692.1120
-71.2778 190.9879 -692.1120
-71.2778 191.8277 -692.1120
-72.9575 200.2262 -692.1120
-72.9575 201.0660 -692.1120
-45.2427 117.0816 -691.1120
-46.0825 117.9215 -691.1120
-48.6021 120.4410 -691.1120
-49.4419 121.2809 -691.1120
-50.2818 122.1207 -691.1120
-50.2818 122.9606 -691.1120
-55.3208 123.8004 -691.1120
-54.4810 124.6402 -691.1120
-53.6411 124.6402 -691.1120
-51.1216 124.6402 -691.1120
-52.8013 125.4801 -691.1120
-51.9614 125.4801 -691.1120
-51.1216 126.3199 -691.1120
-50.2818 126.3199 -691.1120
-41.8833 133.0387 -691.1120
-37.6841 140.5973 -691.1120
0.1089 156.5543 -691.1120
-64.5591 162.4332 -691.1120
-55.3208 172.5113 -691.1120
-72.9575 173.3512 -691.1120
-55.3208 173.3512 -691.1120
-74.6372 174.1910 -691.1120
-73.7974 174.1910 -691.1120
-54.4810 174.1910 -691.1120
-75.4771 175.0309 -691.1120
-71.2778 192.6676 -691.1120
-72.1177 193.5074 -691.1120
-72.1177 194.3473 -691.1120
-72.1177 195.1871 -691.1120
-72.1177 196.0270 -691.1120
-72.1177 196.8668 -691.1120
-72.1177 197.7066 -691.1120
-72.1177 198.5465 -691.1120
-72.9575 199.3863 -691.1120
-43.5630 115.4020 -690.1120
-44.4028 116.2418 -690.1120
-58.6802 120.4410 -690.1120
-57.8403 121.2809 -690.1120
-57.0005 121.2809 -690.1120
-56.1607 122.1207 -690.1120
-55.3208 122.9606 -690.1120
-49.4419 127.1598 -690.1120
-49.4419 127.9996 -690.1120
-48.6021 128.8395 -690.1120
-46.9224 129.6793 -690.1120
-46.0825 130.5191 -690.1120
-45.2427 130.5191 -690.1120
-44.4028 131.3590 -690.1120
-43.5630 132.1988 -690.1120
-41.8833 133.0387 -690.1120
-38.5239 139.7574 -690.1120
0.9487 157.3941 -690.1120
-65.3989 162.4332 -690.1120
-76.3169 175.0309 -690.1120
-54.4810 175.0309 -690.1120
-77.9966 175.8707 -690.1120
-77.1568 175.8707 -690.1120
-53.6411 175.8707 -690.1120
-42.7232 113.7223 -689.1120
-42.7232 114.5621 -689.1120
-59.5200 119.6012 -689.1120
-47.7622 128.8395 -689.1120
-42.7232 133.0387 -689.1120
-39.3638 139.7574 -689.1120
0.9487 158.2340 -689.1120
-65.3989 163.2731 -689.1120
-79.6763 176.7106 -689.1120
-78.8364 176.7106 -689.1120
-52.8013 176.7106 -689.1120
-52.8013 177.5504 -689.1120
-62.0396 117.9215 -688.1120
-61.1997 117.9215 -688.1120
-60.3599 118.7613 -688.1120
-43.5630 133.8785 -688.1120
-39.3638 139.7574 -688.1120
0.9487 158.2340 -688.1120
-64.5591 163.2731 -688.1120
-80.5161 177.5504 -688.1120
-52.8013 178.3902 -688.1120
-63.7193 116.2418 -687.1120
-62.8794 117.0816 -687.1120
-44.4028 133.8785 -687.1120
-40.2036 139.7574 -687.1120
0.9487 159.0738 -687.1120
-65.3989 164.1129 -687.1120
-81.3560 177.5504 -687.1120
-82.1958 178.3902 -687.1120
-83.8755 179.2301 -687.1120
-66.2388 113.7223 -686.1120
-65.3989 114.5621 -686.1120
-64.5591 115.4020 -686.1120
-43.5630 133.0387 -686.1120
-40.2036 139.7574 -686.1120
1.7886 159.9137 -686.1120
-65.3989 164.1129 -686.1120
-83.0357 178.3902 -686.1120
-84.7153 179.2301 -686.1120
-85.5552 180.0699 -686.1120
-78.8364 109.5231 -685.1120
-77.9966 109.5231 -685.1120
-77.1568 109.5231 -685.1120
-76.3169 109.5231 -685.1120
-75.4771 110.3629 -685.1120
-74.6372 110.3629 -685.1120
-73.7974 110.3629 -685.1120
-72.1177 111.2027 -685.1120
-68.7583 112.0426 -685.1120
-67.9185 112.8824 -685.1120
-67.0786 112.8824 -685.1120
-44.4028 133.0387 -685.1120
-40.2036 140.5973 -685.1120
1.7886 160.7535 -685.1120
-65.3989 164.9527 -685.1120
-83.0357 178.3902 -685.1120
-86.3950 180.0699 -685.1120
-87.2349 180.9098 -685.1120
-72.9575 110.3629 -684.1120
-70.4380 110.3629 -684.1120
-69.5982 110.3629 -684.1120
-71.2778 111.2027 -684.1120
-68.7583 111.2027 -684.1120
-45.2427 133.0387 -684.1120
-41.0435 140.5973 -684.1120
1.7886 160.7535 -684.1120
-65.3989 165.7926 -684.1120
-83.0357 179.2301 -684.1120
-88.0747 180.9098 -684.1120
-88.9146 181.7496 -684.1120
-89.7544 183.4293 -684.1120
-69.5982 109.5231 -683.1120
-45.2427 133.0387 -683.1120
-41.0435 140.5973 -683.1120
2.6284 161.5934 -683.1120
-65.3989 165.7926 -683.1120
-82.1958 178.3902 -683.1120
-89.7544 182.5895 -683.1120
-90.5943 184.2691 -683.1120
-91.4341 185.1090 -683.1120
-92.2739 185.9488 -683.1120
-92.2739 186.7887 -683.1120
-70.4380 107.8434 -682.1120
-69.5982 108.6832 -682.1120
-46.0825 132.1988 -682.1120
-41.8833 140.5973 -682.1120
3.4682 162.4332 -682.1120
-91.4341 181.7496 -682.1120
-90.5943 181.7496 -682.1120
-93.1138 187.6285 -682.1120
-93.1138 188.4684 -682.1120
-93.9536 189.3082 -682.1120
-93.9536 190.1481 -682.1120
-93.9536 190.9879 -682.1120
-93.9536 191.8277 -682.1120
-70.4380 107.0035 -681.1120
-46.0825 132.1988 -681.1120
-41.8833 140.5973 -681.1120
3.4682 163.2731 -681.1120
-92.2739 181.7496 -681.1120
-93.1138 182.5895 -681.1120
-94.7935 192.6676 -681.1120
-70.4380 105.3238 -680.1120
-70.4380 106.1637 -680.1120
-46.9224 132.1988 -680.1120
-48.6021 133.0387 -680.1120
-49.4419 133.8785 -680.1120
-41.8833 140.5973 -680.1120
3.4682 163.2731 -680.1120
-93.9536 182.5895 -680.1120
-71.2778 104.4840 -679.1120
-47.7622 132.1988 -679.1120
-50.2818 133.8785 -679.1120
-46.9224 138.9176 -679.1120
-46.0825 138.9176 -679.1120
-42.7232 140.5973 -679.1120
3.4682 164.1129 -679.1120
-94.7935 183.4293 -679.1120
-71.2778 103.6441 -678.1120
-47.7622 132.1988 -678.1120
-45.2427 139.7574 -678.1120
-44.4028 139.7574 -678.1120
-43.5630 139.7574 -678.1120
-41.8833 141.4371 -678.1120
4.3081 164.9527 -678.1120
-95.6333 183.4293 -678.1120
-96.4732 184.2691 -678.1120
-72.9575 101.9645 -677.1120
-72.1177 102.8043 -677.1120
-48.6021 132.1988 -677.1120
-41.8833 142.2770 -677.1120
4.3081 165.7926 -677.1120
5.1479 166.6324 -677.1120
-97.3130 184.2691 -677.1120
-98.1528 185.1090 -677.1120
-72.9575 101.1246 -676.1120
-48.6021 132.1988 -676.1120
-42.7232 143.1168 -676.1120
5.1479 167.4723 -676.1120
-99.8325 185.9488 -676.1120
-98.9927 185.9488 -676.1120
-73.7974 100.2848 -675.1120
-49.4419 132.1988 -675.1120
-48.6021 132.1988 -675.1120
-42.7232 143.1168 -675.1120
5.9878 168.3121 -675.1120
-100.6724 186.7887 -675.1120
-73.7974 99.4449 -674.1120
-49.4419 131.3590 -674.1120
-48.6021 131.3590 -674.1120
-50.2818 132.1988 -674.1120
-47.7622 132.1988 -674.1120
-49.4419 133.0387 -674.1120
-48.6021 133.0387 -674.1120
-42.7232 143.9566 -674.1120
5.9878 168.3121 -674.1120
-101.5122 186.7887 -674.1120
-73.7974 98.6051 -673.1120
-50.2818 131.3590 -673.1120
-49.4419 131.3590 -673.1120
-48.6021 131.3590 -673.1120
-51.1216 132.1988 -673.1120
-47.7622 132.1988 -673.1120
-50.2818 133.0387 -673.1120
-48.6021 133.0387 -673.1120
-49.4419 133.8785 -673.1120
-42.7232 143.9566 -673.1120
5.9878 169.1520 -673.1120
6.8276 169.9918 -673.1120
-104.0318 187.6285 -673.1120
-103.1919 187.6285 -673.1120
-102.3521 187.6285 -673.1120
-73.7974 97.7652 -672.1120
-49.4419 131.3590 -672.1120
-50.2818 132.1988 -672.1120
-48.6021 132.1988 -672.1120
-49.4419 133.0387 -672.1120
-43.5630 143.9566 -672.1120
7.6675 170.8316 -672.1120
-104.8716 188.4684 -672.1120
-73.7974 96.9254 -671.1120
-50.2818 132.1988 -671.1120
-49.4419 132.1988 -671.1120
-43.5630 144.7965 -671.1120
6.8276 171.6715 -671.1120
7.6675 171.6715 -671.1120
8.5073 172.5113 -671.1120
9.3472 172.5113 -671.1120
-106.5513 188.4684 -671.1120
-105.7114 188.4684 -671.1120
-51.1216 131.3590 -670.1120
-43.5630 144.7965 -670.1120
5.9878 172.5113 -670.1120
10.1870 173.3512 -670.1120
11.0268 174.1910 -670.1120
-107.3911 189.3082 -670.1120
-51.1216 131.3590 -669.1120
-43.5630 144.7965 -669.1120
5.9878 173.3512 -669.1120
11.8667 175.0309 -669.1120
12.7065 175.8707 -669.1120
13.5464 176.7106 -669.1120
-108.2310 190.1481 -669.1120
-51.1216 131.3590 -668.1120
-44.4028 144.7965 -668.1120
5.1479 173.3512 -668.1120
14.3862 177.5504 -668.1120
15.2261 177.5504 -668.1120
16.0659 178.3902 -668.1120
-109.0708 190.1481 -668.1120
-51.1216 131.3590 -667.1120
-43.5630 145.6363 -667.1120
5.1479 174.1910 -667.1120
16.9057 178.3902 -667.1120
17.7456 178.3902 -667.1120
18.5854 179.2301 -667.1120
19.4253 179.2301 -667.1120
20.2651 179.2301 -667.1120
21.1050 180.0699 -667.1120
21.9448 180.0699 -667.1120
22.7847 180.0699 -667.1120
23.6245 180.0699 -667.1120
24.4643 180.0699 -667.1120
25.3042 180.0699 -667.1120
26.1440 180.0699 -667.1120
-109.9107 190.9879 -667.1120
-51.9614 130.5191 -666.1120
-43.5630 145.6363 -666.1120
4.3081 175.0309 -666.1120
4.3081 175.8707 -666.1120
-110.7505 190.9879 -666.1120
-51.1216 128.8395 -665.1120
-51.1216 129.6793 -665.1120
-52.8013 131.3590 -665.1120
-44.4028 145.6363 -665.1120
4.3081 176.7106 -665.1120
-112.4302 190.9879 -665.1120
-111.5903 190.9879 -665.1120
-50.2818 127.9996 -664.1120
-52.8013 132.1988 -664.1120
-43.5630 146.4762 -664.1120
4.3081 176.7106 -664.1120
-113.2700 191.8277 -664.1120
-49.4419 126.3199 -663.1120
-49.4419 127.1598 -663.1120
-53.6411 132.1988 -663.1120
-44.4028 146.4762 -663.1120
3.4682 177.5504 -663.1120
-114.1099 191.8277 -663.1120
-48.6021 125.4801 -662.1120
-54.4810 132.1988 -662.1120
-44.4028 146.4762 -662.1120
-114.9497 192.6676 -662.1120
-46.9224 123.8004 -661.1120
-47.7622 124.6402 -661.1120
-55.3208 132.1988 -661.1120
-43.5630 147.3160 -661.1120
-56.1607 132.1988 -660.1120
-44.4028 147.3160 -660.1120
-56.1607 131.3590 -659.1120
-44.4028 147.3160 -659.1120
-57.0005 131.3590 -658.1120
-43.5630 148.1559 -658.1120
-57.0005 131.3590 -657.1120
-43.5630 148.1559 -657.1120
-57.0005 131.3590 -656.1120
-43.5630 148.1559 -656.1120
-57.8403 130.5191 -655.1120
-43.5630 148.1559 -655.1120
-58.6802 130.5191 -654.1120
-43.5630 148.9957 -654.1120
-58.6802 130.5191 -653.1120
-43.5630 148.9957 -653.1120
-58.6802 130.5191 -652.1120
-42.7232 149.8356 -652.1120
-58.6802 130.5191 -651.1120
-42.7232 149.8356 -651.1120
-83.0357 117.9215 -650.1120
-82.1958 117.9215 -650.1120
-81.3560 118.7613 -650.1120
-80.5161 118.7613 -650.1120
-59.5200 130.5191 -650.1120
-42.7232 149.8356 -650.1120
-79.6763 118.7613 -649.1120
-78.8364 118.7613 -649.1120
-77.9966 118.7613 -649.1120
-77.1568 119.6012 -649.1120
-76.3169 119.6012 -649.1120
-60.3599 129.6793 -649.1120
-43.5630 149.8356 -649.1120
-75.4771 119.6012 -648.1120
-74.6372 119.6012 -648.1120
-60.3599 129.6793 -648.1120
-42.7232 150.6754 -648.1120
-73.7974 119.6012 -647.1120
-72.9575 119.6012 -647.1120
-66.2388 122.9606 -647.1120
-64.5591 124.6402 -647.1120
-63.7193 125.4801 -647.1120
-62.8794 126.3199 -647.1120
-62.0396 127.1598 -647.1120
-61.1997 127.9996 -647.1120
-61.1997 128.8395 -647.1120
-42.7232 150.6754 -647.1120
-72.1177 119.6012 -646.1120
-69.5982 120.4410 -646.1120
-68.7583 121.2809 -646.1120
-67.9185 122.1207 -646.1120
-67.0786 122.1207 -646.1120
-65.3989 123.8004 -646.1120
-60.3599 129.6793 -646.1120
-43.5630 150.6754 -646.1120
-71.2778 118.7613 -645.1120
-70.4380 119.6012 -645.1120
-60.3599 129.6793 -645.1120
-42.7232 151.5152 -645.1120
-72.1177 117.0816 -644.1120
-71.2778 118.7613 -644.1120
-60.3599 129.6793 -644.1120
-42.7232 151.5152 -644.1120
-72.9575 115.4020 -643.1120
-72.9575 116.2418 -643.1120
-72.1177 117.9215 -643.1120
-60.3599 129.6793 -643.1120
-43.5630 151.5152 -643.1120
-73.7974 113.7223 -642.1120
-72.9575 114.5621 -642.1120
-61.1997 129.6793 -642.1120
-43.5630 151.5152 -642.1120
-73.7974 112.8824 -641.1120
-61.1997 129.6793 -641.1120
-42.7232 152.3551 -641.1120
-75.4771 111.2027 -640.1120
-74.6372 112.0426 -640.1120
-61.1997 129.6793 -640.1120
-42.7232 152.3551 -640.1120
-76.3169 110.3629 -639.1120
-61.1997 129.6793 -639.1120
-41.8833 152.3551 -639.1120
-78.8364 108.6832 -638.1120
-77.9966 109.5231 -638.1120
-77.1568 110.3629 -638.1120
-61.1997 129.6793 -638.1120
-41.8833 152.3551 -638.1120
-80.5161 107.0035 -637.1120
-79.6763 107.8434 -637.1120
-61.1997 129.6793 -637.1120
-41.8833 152.3551 -637.1120
-82.1958 105.3238 -636.1120
-81.3560 106.1637 -636.1120
-62.0396 128.8395 -636.1120
-60.3599 130.5191 -636.1120
-60.3599 131.3590 -636.1120
-41.8833 152.3551 -636.1120
-83.8755 103.6441 -635.1120
-83.0357 104.4840 -635.1120
-62.8794 127.9996 -635.1120
-60.3599 132.1988 -635.1120
-41.0435 152.3551 -635.1120
-88.0747 102.8043 -634.1120
-87.2349 102.8043 -634.1120
-86.3950 102.8043 -634.1120
-84.7153 102.8043 -634.1120
-62.0396 127.9996 -634.1120
-59.5200 133.0387 -634.1120
-41.0435 153.1949 -634.1120
-85.5552 101.9645 -633.1120
-62.0396 127.9996 -633.1120
-59.5200 133.8785 -633.1120
-41.0435 153.1949 -633.1120
-85.5552 100.2848 -632.1120
-85.5552 101.1246 -632.1120
-62.8794 127.1598 -632.1120
-59.5200 133.8785 -632.1120
-41.0435 153.1949 -632.1120
-85.5552 99.4449 -631.1120
-62.8794 127.1598 -631.1120
-59.5200 134.7184 -631.1120
-41.0435 153.1949 -631.1120
-85.5552 98.6051 -630.1120
-63.7193 127.1598 -630.1120
-59.5200 134.7184 -630.1120
-40.2036 153.1949 -630.1120
-63.7193 127.1598 -629.1120
-59.5200 134.7184 -629.1120
-40.2036 153.1949 -629.1120
-63.7193 127.1598 -628.1120
-58.6802 135.5582 -628.1120
-40.2036 153.1949 -628.1120
-63.7193 126.3199 -627.1120
-58.6802 136.3981 -627.1120
-40.2036 153.1949 -627.1120
-64.5591 127.1598 -626.1120
-58.6802 136.3981 -626.1120
-39.3638 153.1949 -626.1120
-64.5591 126.3199 -625.1120
-57.8403 137.2379 -625.1120
-39.3638 153.1949 -625.1120
-65.3989 127.1598 -624.1120
-57.8403 137.2379 -624.1120
-38.5239 153.1949 -624.1120
-64.5591 126.3199 -623.1120
-57.8403 138.0777 -623.1120
-38.5239 153.1949 -623.1120
-65.3989 126.3199 -622.1120
-67.9185 127.1598 -622.1120
-67.0786 127.1598 -622.1120
-66.2388 127.1598 -622.1120
-57.8403 138.0777 -622.1120
-37.6841 153.1949 -622.1120
-65.3989 126.3199 -621.1120
-68.7583 127.9996 -621.1120
-57.0005 138.9176 -621.1120
-37.6841 153.1949 -621.1120
-65.3989 125.4801 -620.1120
-69.5982 127.9996 -620.1120
-57.0005 138.9176 -620.1120
-65.3989 125.4801 -619.1120
-71.2778 127.9996 -619.1120
-70.4380 127.9996 -619.1120
-57.0005 139.7574 -619.1120
-64.5591 124.6402 -618.1120
-72.1177 127.9996 -618.1120
-72.9575 128.8395 -618.1120
-56.1607 140.5973 -618.1120
-65.3989 124.6402 -617.1120
-73.7974 127.9996 -617.1120
-76.3169 129.6793 -617.1120
-76.3169 130.5191 -617.1120
-57.0005 140.5973 -617.1120
-65.3989 124.6402 -616.1120
-75.4771 127.9996 -616.1120
-74.6372 127.9996 -616.1120
-77.1568 128.8395 -616.1120
-76.3169 128.8395 -616.1120
-77.1568 131.3590 -616.1120
-77.9966 133.0387 -616.1120
-57.0005 141.4371 -616.1120
-65.3989 124.6402 -615.1120
-93.9536 126.3199 -615.1120
-93.1138 126.3199 -615.1120
-92.2739 126.3199 -615.1120
-91.4341 127.1598 -615.1120
-78.8364 128.8395 -615.1120
-77.9966 128.8395 -615.1120
-77.9966 132.1988 -615.1120
-77.9966 133.8785 -615.1120
-77.9966 134.7184 -615.1120
-77.9966 135.5582 -615.1120
-56.1607 141.4371 -615.1120
-64.5591 123.8004 -614.1120
-90.5943 127.1598 -614.1120
-89.7544 127.1598 -614.1120
-88.9146 127.9996 -614.1120
-88.0747 127.9996 -614.1120
-79.6763 128.8395 -614.1120
-80.5161 129.6793 -614.1120
-77.9966 136.3981 -614.1120
-77.9966 137.2379 -614.1120
-55.3208 142.2770 -614.1120
-64.5591 123.8004 -613.1120
-87.2349 127.9996 -613.1120
-82.1958 128.8395 -613.1120
-81.3560 128.8395 -613.1120
-54.4810 142.2770 -613.1120
-64.5591 123.8004 -612.1120
-86.3950 128.8395 -612.1120
-83.8755 128.8395 -612.1120
-83.0357 128.8395 -612.1120
-54.4810 142.2770 -612.1120
-65.3989 122.9606 -611.1120
-85.5552 128.8395 -611.1120
-84.7153 128.8395 -611.1120
-54.4810 143.1168 -611.1120
-65.3989 122.9606 -610.1120
-86.3950 128.8395 -610.1120
-54.4810 143.1168 -610.1120
-65.3989 122.1207 -609.1120
-87.2349 128.8395 -609.1120
-53.6411 143.1168 -609.1120
-65.3989 117.9215 -608.1120
-65.3989 118.7613 -608.1120
-65.3989 119.6012 -608.1120
-65.3989 120.4410 -608.1120
-65.3989 121.2809 -608.1120
-64.5591 122.9606 -608.1120
-88.0747 128.8395 -608.1120
-53.6411 143.9566 -608.1120
-65.3989 116.2418 -607.1120
-65.3989 117.0816 -607.1120
-64.5591 122.9606 -607.1120
-88.9146 128.8395 -607.1120
-53.6411 143.9566 -607.1120
-65.3989 114.5621 -606.1120
-65.3989 115.4020 -606.1120
-64.5591 122.9606 -606.1120
-90.5943 128.8395 -606.1120
-89.7544 128.8395 -606.1120
-52.8013 143.9566 -606.1120
-65.3989 112.8824 -605.1120
-65.3989 113.7223 -605.1120
-64.5591 122.9606 -605.1120
-91.4341 129.6793 -605.1120
-66.2388 112.0426 -604.1120
-64.5591 122.9606 -604.1120
-92.2739 129.6793 -604.1120
-67.0786 111.2027 -603.1120
-64.5591 122.9606 -603.1120
-93.1138 129.6793 -603.1120
-68.7583 109.5231 -602.1120
-67.9185 110.3629 -602.1120
-64.5591 122.9606 -602.1120
-96.4732 128.8395 -602.1120
-95.6333 128.8395 -602.1120
-94.7935 129.6793 -602.1120
-93.9536 129.6793 -602.1120
-69.5982 107.8434 -601.1120
-68.7583 108.6832 -601.1120
-64.5591 122.9606 -601.1120
-97.3130 128.8395 -601.1120
-70.4380 107.0035 -600.1120
-64.5591 122.9606 -600.1120
-98.1528 128.8395 -600.1120
-70.4380 107.0035 -599.1120
-64.5591 122.9606 -599.1120
-99.8325 128.8395 -599.1120
-98.9927 128.8395 -599.1120
-72.1177 104.4840 -598.1120
-71.2778 105.3238 -598.1120
-71.2778 106.1637 -598.1120
-64.5591 122.9606 -598.1120
-100.6724 128.8395 -598.1120
-72.9575 102.8043 -597.1120
-72.1177 103.6441 -597.1120
-64.5591 122.9606 -597.1120
-102.3521 128.8395 -597.1120
-101.5122 128.8395 -597.1120
-73.7974 101.9645 -596.1120
-64.5591 122.9606 -596.1120
-103.1919 128.8395 -596.1120
-74.6372 101.1246 -595.1120
-64.5591 122.9606 -595.1120
-104.8716 128.8395 -595.1120
-104.0318 128.8395 -595.1120
-76.3169 100.2848 -594.1120
-75.4771 100.2848 -594.1120
-64.5591 122.1207 -594.1120
-105.7114 128.8395 -594.1120
-77.1568 99.4449 -593.1120
-64.5591 122.9606 -593.1120
-106.5513 129.6793 -593.1120
-64.5591 122.1207 -592.1120
-63.7193 123.8004 -592.1120
-63.7193 124.6402 -592.1120
-62.8794 125.4801 -592.1120
-106.5513 129.6793 -592.1120
-64.5591 122.1207 -591.1120
-62.8794 126.3199 -591.1120
-107.3911 129.6793 -591.1120
-64.5591 122.1207 -590.1120
-62.8794 127.1598 -590.1120
-108.2310 129.6793 -590.1120
-64.5591 122.1207 -589.1120
-62.8794 127.9996 -589.1120
-109.0708 129.6793 -589.1120
-64.5591 121.2809 -588.1120
-62.0396 128.8395 -588.1120
-109.0708 130.5191 -588.1120
-64.5591 121.2809 -587.1120
-62.0396 129.6793 -587.1120
-109.9107 130.5191 -587.1120
-65.3989 121.2809 -586.1120
-62.0396 130.5191 -586.1120
-109.9107 131.3590 -586.1120
-65.3989 120.4410 -585.1120
-111.5903 129.6793 -585.1120
-110.7505 130.5191 -585.1120
-61.1997 131.3590 -585.1120
-65.3989 120.4410 -584.1120
-112.4302 129.6793 -584.1120
-60.3599 132.1988 -584.1120
-65.3989 120.4410 -583.1120
-113.2700 129.6793 -583.1120
-60.3599 133.0387 -583.1120
-65.3989 119.6012 -582.1120
-114.1099 129.6793 -582.1120
-59.5200 133.8785 -582.1120
-65.3989 119.6012 -581.1120
-114.9497 129.6793 -581.1120
-60.3599 133.8785 -581.1120
-65.3989 119.6012 -580.1120
-115.7896 129.6793 -580.1120
-59.5200 134.7184 -580.1120
-65.3989 119.6012 -579.1120
-115.7896 130.5191 -579.1120
-59.5200 135.5582 -579.1120
-65.3989 119.6012 -578.1120
-117.4693 130.5191 -578.1120
-116.6294 130.5191 -578.1120
-58.6802 136.3981 -578.1120
-62.0396 116.2418 -577.1120
-62.8794 117.0816 -577.1120
-63.7193 117.9215 -577.1120
-64.5591 118.7613 -577.1120
-118.3091 130.5191 -577.1120
-58.6802 137.2379 -577.1120
-57.8403 138.0777 -577.1120
-61.1997 115.4020 -576.1120
-65.3989 118.7613 -576.1120
-118.3091 130.5191 -576.1120
-57.8403 138.9176 -576.1120
-59.5200 113.7223 -575.1120
-60.3599 114.5621 -575.1120
-66.2388 119.6012 -575.1120
-119.1489 130.5191 -575.1120
-58.6802 112.8824 -574.1120
-66.2388 118.7613 -574.1120
-119.1489 130.5191 -574.1120
-66.2388 118.7613 -573.1120
-119.9888 131.3590 -573.1120
-67.9185 118.7613 -572.1120
-67.0786 118.7613 -572.1120
-119.9888 131.3590 -572.1120
-69.5982 118.7613 -571.1120
-68.7583 118.7613 -571.1120
-66.2388 118.7613 -571.1120
-120.8286 131.3590 -571.1120
-70.4380 118.7613 -570.1120
-66.2388 118.7613 -570.1120
-120.8286 131.3590 -570.1120
-72.1177 117.9215 -569.1120
-71.2778 117.9215 -569.1120
-66.2388 117.9215 -569.1120
-121.6685 131.3590 -569.1120
-72.9575 117.9215 -568.1120
-65.3989 117.9215 -568.1120
-122.5083 130.5191 -568.1120
-73.7974 117.9215 -567.1120
-65.3989 117.9215 -567.1120
-74.6372 118.7613 -567.1120
-75.4771 119.6012 -567.1120
-75.4771 120.4410 -567.1120
-76.3169 121.2809 -567.1120
-123.3482 130.5191 -567.1120
-76.3169 117.0816 -566.1120
-75.4771 117.9215 -566.1120
-65.3989 117.9215 -566.1120
-124.1880 129.6793 -566.1120
-77.1568 117.0816 -565.1120
-65.3989 117.9215 -565.1120
-124.1880 130.5191 -565.1120
-77.9966 117.0816 -564.1120
-64.5591 117.9215 -564.1120
-125.0278 130.5191 -564.1120
-78.8364 117.0816 -563.1120
-64.5591 117.9215 -563.1120
-125.8677 131.3590 -563.1120
-79.6763 117.0816 -562.1120
-64.5591 117.9215 -562.1120
-125.8677 131.3590 -562.1120
-80.5161 117.0816 -561.1120
-64.5591 117.9215 -561.1120
-126.7075 131.3590 -561.1120
-81.3560 117.0816 -560.1120
-64.5591 117.0816 -560.1120
-127.5474 131.3590 -560.1120
-82.1958 117.0816 -559.1120
-63.7193 117.9215 -559.1120
-127.5474 131.3590 -559.1120
-83.0357 117.0816 -558.1120
-63.7193 117.0816 -558.1120
-127.5474 131.3590 -558.1120
-83.8755 117.0816 -557.1120
-63.7193 117.0816 -557.1120
-128.3872 131.3590 -557.1120
-84.7153 117.0816 -556.1120
-62.8794 117.0816 -556.1120
-128.3872 131.3590 -556.1120
-85.5552 117.0816 -555.1120
-63.7193 117.0816 -555.1120
-62.0396 117.9215 -555.1120
-61.1997 118.7613 -555.1120
-60.3599 119.6012 -555.1120
-63.7193 116.2418 -554.1120
-86.3950 117.0816 -554.1120
-59.5200 119.6012 -554.1120
-87.2349 116.2418 -553.1120
-63.7193 116.2418 -553.1120
-58.6802 120.4410 -553.1120
-57.8403 120.4410 -553.1120
-88.0747 116.2418 -552.1120
-63.7193 116.2418 -552.1120
-57.0005 121.2809 -552.1120
-54.4810 121.2809 -552.1120
-53.6411 121.2809 -552.1120
-52.8013 121.2809 -552.1120
-88.0747 116.2418 -551.1120
-63.7193 116.2418 -551.1120
-56.1607 122.1207 -551.1120
-55.3208 122.1207 -551.1120
-89.7544 115.4020 -550.1120
-88.9146 115.4020 -550.1120
-63.7193 115.4020 -550.1120
-55.3208 122.9606 -550.1120
-90.5943 115.4020 -549.1120
-63.7193 115.4020 -549.1120
-54.4810 123.8004 -549.1120
-63.7193 113.7223 -548.1120
-63.7193 114.5621 -548.1120
-90.5943 115.4020 -548.1120
-63.7193 112.0426 -547.1120
-63.7193 112.8824 -547.1120
-91.4341 114.5621 -547.1120
-63.7193 114.5621 -547.1120
-62.8794 110.3629 -546.1120
-62.8794 111.2027 -546.1120
-92.2739 114.5621 -546.1120
-63.7193 114.5621 -546.1120
-62.8794 109.5231 -545.1120
-93.1138 114.5621 -545.1120
-64.5591 115.4020 -545.1120
-62.8794 107.0035 -544.1120
-62.8794 107.8434 -544.1120
-62.8794 108.6832 -544.1120
-93.9536 114.5621 -544.1120
-64.5591 115.4020 -544.1120
-62.8794 106.1637 -543.1120
-94.7935 114.5621 -543.1120
-64.5591 115.4020 -543.1120
-95.6333 113.7223 -542.1120
-64.5591 115.4020 -542.1120
-104.0318 112.8824 -541.1120
-103.1919 112.8824 -541.1120
-102.3521 112.8824 -541.1120
-96.4732 113.7223 -541.1120
-65.3989 115.4020 -541.1120
-101.5122 112.8824 -540.1120
-100.6724 112.8824 -540.1120
-98.1528 113.7223 -540.1120
-97.3130 113.7223 -540.1120
-65.3989 115.4020 -540.1120
-99.8325 112.8824 -539.1120
-98.9927 113.7223 -539.1120
-65.3989 115.4020 -539.1120
-98.9927 112.8824 -538.1120
-65.3989 115.4020 -538.1120
-98.9927 112.8824 -537.1120
-65.3989 115.4020 -537.1120
-98.9927 112.8824 -536.1120
-65.3989 115.4020 -536.1120
-98.9927 112.8824 -535.1120
-66.2388 116.2418 -535.1120
-98.9927 112.8824 -534.1120
-65.3989 115.4020 -534.1120
-99.8325 112.0426 -533.1120
-65.3989 115.4020 -533.1120
-100.6724 112.0426 -532.1120
-65.3989 115.4020 -532.1120
-100.6724 111.2027 -531.1120
-64.5591 115.4020 -531.1120
-101.5122 111.2027 -530.1120
-64.5591 115.4020 -530.1120
-101.5122 111.2027 -529.1120
-64.5591 114.5621 -529.1120
-101.5122 111.2027 -528.1120
-64.5591 114.5621 -528.1120
-102.3521 111.2027 -527.1120
-64.5591 114.5621 -527.1120
-102.3521 111.2027 -526.1120
-64.5591 114.5621 -526.1120
-103.1919 111.2027 -525.1120
-64.5591 114.5621 -525.1120
-103.1919 111.2027 -524.1120
-64.5591 114.5621 -524.1120
-104.0318 110.3629 -523.1120
-63.7193 114.5621 -523.1120
-104.0318 110.3629 -522.1120
-63.7193 114.5621 -522.1120
-106.5513 110.3629 -521.1120
-105.7114 110.3629 -521.1120
-104.8716 110.3629 -521.1120
-64.5591 113.7223 -521.1120
-104.8716 109.5231 -520.1120
-109.0708 110.3629 -520.1120
-108.2310 110.3629 -520.1120
-107.3911 110.3629 -520.1120
-64.5591 113.7223 -520.1120
-104.8716 109.5231 -519.1120
-64.5591 112.8824 -519.1120
-104.8716 108.6832 -518.1120
-65.3989 112.8824 -518.1120
-104.8716 108.6832 -517.1120
-65.3989 112.8824 -517.1120
-104.8716 107.8434 -516.1120
-65.3989 112.0426 -516.1120
-104.8716 107.8434 -515.1120
-65.3989 112.0426 -515.1120
-104.8716 107.8434 -514.1120
-65.3989 112.0426 -514.1120
-104.8716 107.0035 -513.1120
-66.2388 111.2027 -513.1120
-104.8716 107.0035 -512.1120
-66.2388 111.2027 -512.1120
-104.0318 107.0035 -511.1120
-66.2388 111.2027 -511.1120
-104.0318 107.0035 -510.1120
-66.2388 111.2027 -510.1120
-104.0318 107.0035 -509.1120
-66.2388 111.2027 -509.1120
-65.3989 111.2027 -508.1120
-64.5591 111.2027 -507.1120
-64.5591 111.2027 -506.1120
-63.7193 111.2027 -505.1120
-63.7193 111.2027 -504.1120
-63.7193 111.2027 -503.1120
-63.7193 111.2027 -502.1120
-63.7193 112.0426 -501.1120
-63.7193 112.0426 -500.1120
-62.8794 112.0426 -499.1120
-62.0396 112.0426 -498.1120
-62.0396 112.0426 -497.1120
-62.0396 112.0426 -496.1120
-61.1997 112.0426 -495.1120
-61.1997 112.0426 -494.1120
-60.3599 112.0426 -493.1120
-59.5200 112.8824 -492.1120
-60.3599 112.0426 -491.1120
-60.3599 112.0426 -490.1120
-59.5200 111.2027 -489.1120
-60.3599 111.2027 -488.1120
-60.3599 111.2027 -487.1120
-59.5200 110.3629 -486.1120
-59.5200 110.3629 -485.1120
-59.5200 110.3629 -484.1120
-59.5200 109.5231 -483.1120
-59.5200 109.5231 -482.1120
