0.072075 0.072075 0.994792
-0.072075 0.072075 0.994792
-0.072075 -0.072075 0.994792
0.072075 -0.072075 0.994792
0.187601 0.077707 0.979167
0.077707 0.187601 0.979167
-0.077707 0.187601 0.979167
-0.187601 0.077707 0.979167
-0.187601 -0.077707 0.979167
-0.077707 -0.187601 0.979167
0.077707 -0.187601 0.979167
0.187601 -0.077707 0.979167
0.292267 0.078313 0.953125
0.213954 0.213954 0.953125
0.078313 0.292267 0.953125
-0.078313 0.292267 0.953125
-0.213954 0.213954 0.953125
-0.292267 0.078313 0.953125
-0.292267 -0.078313 0.953125
-0.213954 -0.213954 0.953125
-0.078313 -0.292267 0.953125
0.078313 -0.292267 0.953125
0.213954 -0.213954 0.953125
0.292267 -0.078313 0.953125
0.391973 0.077968 0.916667
0.332299 0.222035 0.916667
0.222035 0.332299 0.916667
0.077968 0.391973 0.916667
-0.077968 0.391973 0.916667
-0.222035 0.332299 0.916667
-0.332299 0.222035 0.916667
-0.391973 0.077968 0.916667
-0.391973 -0.077968 0.916667
-0.332299 -0.222035 0.916667
-0.222035 -0.332299 0.916667
-0.077968 -0.391973 0.916667
0.077968 -0.391973 0.916667
0.222035 -0.332299 0.916667
0.332299 -0.222035 0.916667
0.391973 -0.077968 0.916667
0.487344 0.077188 0.869792
0.439640 0.224008 0.869792
0.348900 0.348900 0.869792
0.224008 0.439640 0.869792
0.077188 0.487344 0.869792
-0.077188 0.487344 0.869792
-0.224008 0.439640 0.869792
-0.348900 0.348900 0.869792
-0.439640 0.224008 0.869792
-0.487344 0.077188 0.869792
-0.487344 -0.077188 0.869792
-0.439640 -0.224008 0.869792
-0.348900 -0.348900 0.869792
-0.224008 -0.439640 0.869792
-0.077188 -0.487344 0.869792
0.077188 -0.487344 0.869792
0.224008 -0.439640 0.869792
0.348900 -0.348900 0.869792
0.439640 -0.224008 0.869792
0.487344 -0.077188 0.869792
0.577974 0.076092 0.812500
0.538586 0.223090 0.812500
0.462494 0.354884 0.812500
0.354884 0.462494 0.812500
0.223090 0.538586 0.812500
0.076092 0.577974 0.812500
-0.076092 0.577974 0.812500
-0.223090 0.538586 0.812500
-0.354884 0.462494 0.812500
-0.462494 0.354884 0.812500
-0.538586 0.223090 0.812500
-0.577974 0.076092 0.812500
-0.577974 -0.076092 0.812500
-0.538586 -0.223090 0.812500
-0.462494 -0.354884 0.812500
-0.354884 -0.462494 0.812500
-0.223090 -0.538586 0.812500
-0.076092 -0.577974 0.812500
0.076092 -0.577974 0.812500
0.223090 -0.538586 0.812500
0.354884 -0.462494 0.812500
0.462494 -0.354884 0.812500
0.538586 -0.223090 0.812500
0.577974 -0.076092 0.812500
0.663101 0.074714 0.744792
0.629851 0.220394 0.744792
0.565017 0.355023 0.744792
0.471850 0.471850 0.744792
0.355023 0.565017 0.744792
0.220394 0.629851 0.744792
0.074714 0.663101 0.744792
-0.074714 0.663101 0.744792
-0.220394 0.629851 0.744792
-0.355023 0.565017 0.744792
-0.471850 0.471850 0.744792
-0.565017 0.355023 0.744792
-0.629851 0.220394 0.744792
-0.663101 0.074714 0.744792
-0.663101 -0.074714 0.744792
-0.629851 -0.220394 0.744792
-0.565017 -0.355023 0.744792
-0.471850 -0.471850 0.744792
-0.355023 -0.565017 0.744792
-0.220394 -0.629851 0.744792
-0.074714 -0.663101 0.744792
0.074714 -0.663101 0.744792
0.220394 -0.629851 0.744792
0.355023 -0.565017 0.744792
0.471850 -0.471850 0.744792
0.565017 -0.355023 0.744792
0.629851 -0.220394 0.744792
0.663101 -0.074714 0.744792
0.741767 0.073058 0.666667
0.713261 0.216365 0.666667
0.657345 0.351358 0.666667
0.576168 0.472849 0.666667
0.472849 0.576168 0.666667
0.351358 0.657345 0.666667
0.216365 0.713261 0.666667
0.073058 0.741767 0.666667
-0.073058 0.741767 0.666667
-0.216365 0.713261 0.666667
-0.351358 0.657345 0.666667
-0.472849 0.576168 0.666667
-0.576168 0.472849 0.666667
-0.657345 0.351358 0.666667
-0.713261 0.216365 0.666667
-0.741767 0.073058 0.666667
-0.741767 -0.073058 0.666667
-0.713261 -0.216365 0.666667
-0.657345 -0.351358 0.666667
-0.576168 -0.472849 0.666667
-0.472849 -0.576168 0.666667
-0.351358 -0.657345 0.666667
-0.216365 -0.713261 0.666667
-0.073058 -0.741767 0.666667
0.073058 -0.741767 0.666667
0.216365 -0.713261 0.666667
0.351358 -0.657345 0.666667
0.472849 -0.576168 0.666667
0.576168 -0.472849 0.666667
0.657345 -0.351358 0.666667
0.713261 -0.216365 0.666667
0.741767 -0.073058 0.666667
0.812233 0.000000 0.583333
0.796626 0.158459 0.583333
0.750405 0.310828 0.583333
0.675347 0.451252 0.583333
0.574335 0.574335 0.583333
0.451252 0.675347 0.583333
0.310828 0.750405 0.583333
0.158459 0.796626 0.583333
0.000000 0.812233 0.583333
-0.158459 0.796626 0.583333
-0.310828 0.750405 0.583333
-0.451252 0.675347 0.583333
-0.574335 0.574335 0.583333
-0.675347 0.451252 0.583333
-0.750405 0.310828 0.583333
-0.796626 0.158459 0.583333
-0.812233 0.000000 0.583333
-0.796626 -0.158459 0.583333
-0.750405 -0.310828 0.583333
-0.675347 -0.451252 0.583333
-0.574335 -0.574335 0.583333
-0.451252 -0.675347 0.583333
-0.310828 -0.750405 0.583333
-0.158459 -0.796626 0.583333
-0.000000 -0.812233 0.583333
0.158459 -0.796626 0.583333
0.310828 -0.750405 0.583333
0.451252 -0.675347 0.583333
0.574335 -0.574335 0.583333
0.675347 -0.451252 0.583333
0.750405 -0.310828 0.583333
0.796626 -0.158459 0.583333
0.861855 0.084885 0.500000
0.828735 0.251394 0.500000
0.763766 0.408242 0.500000
0.669447 0.549401 0.500000
0.549401 0.669447 0.500000
0.408242 0.763766 0.500000
0.251394 0.828735 0.500000
0.084885 0.861855 0.500000
-0.084885 0.861855 0.500000
-0.251394 0.828735 0.500000
-0.408242 0.763766 0.500000
-0.549401 0.669447 0.500000
-0.669447 0.549401 0.500000
-0.763766 0.408242 0.500000
-0.828735 0.251394 0.500000
-0.861855 0.084885 0.500000
-0.861855 -0.084885 0.500000
-0.828735 -0.251394 0.500000
-0.763766 -0.408242 0.500000
-0.669447 -0.549401 0.500000
-0.549401 -0.669447 0.500000
-0.408242 -0.763766 0.500000
-0.251394 -0.828735 0.500000
-0.084885 -0.861855 0.500000
0.084885 -0.861855 0.500000
0.251394 -0.828735 0.500000
0.408242 -0.763766 0.500000
0.549401 -0.669447 0.500000
0.669447 -0.549401 0.500000
0.763766 -0.408242 0.500000
0.828735 -0.251394 0.500000
0.861855 -0.084885 0.500000
0.909059 0.000000 0.416667
0.891592 0.177349 0.416667
0.839861 0.347882 0.416667
0.755855 0.505046 0.416667
0.642802 0.642802 0.416667
0.505046 0.755855 0.416667
0.347882 0.839861 0.416667
0.177349 0.891592 0.416667
0.000000 0.909059 0.416667
-0.177349 0.891592 0.416667
-0.347882 0.839861 0.416667
-0.505046 0.755855 0.416667
-0.642802 0.642802 0.416667
-0.755855 0.505046 0.416667
-0.839861 0.347882 0.416667
-0.891592 0.177349 0.416667
-0.909059 0.000000 0.416667
-0.891592 -0.177349 0.416667
-0.839861 -0.347882 0.416667
-0.755855 -0.505046 0.416667
-0.642802 -0.642802 0.416667
-0.505046 -0.755855 0.416667
-0.347882 -0.839861 0.416667
-0.177349 -0.891592 0.416667
-0.000000 -0.909059 0.416667
0.177349 -0.891592 0.416667
0.347882 -0.839861 0.416667
0.505046 -0.755855 0.416667
0.642802 -0.642802 0.416667
0.755855 -0.505046 0.416667
0.839861 -0.347882 0.416667
0.891592 -0.177349 0.416667
0.938269 0.092411 0.333333
0.902212 0.273683 0.333333
0.831483 0.444437 0.333333
0.728801 0.598112 0.333333
0.598112 0.728801 0.333333
0.444437 0.831483 0.333333
0.273683 0.902212 0.333333
0.092411 0.938269 0.333333
-0.092411 0.938269 0.333333
-0.273683 0.902212 0.333333
-0.444437 0.831483 0.333333
-0.598112 0.728801 0.333333
-0.728801 0.598112 0.333333
-0.831483 0.444437 0.333333
-0.902212 0.273683 0.333333
-0.938269 0.092411 0.333333
-0.938269 -0.092411 0.333333
-0.902212 -0.273683 0.333333
-0.831483 -0.444437 0.333333
-0.728801 -0.598112 0.333333
-0.598112 -0.728801 0.333333
-0.444437 -0.831483 0.333333
-0.273683 -0.902212 0.333333
-0.092411 -0.938269 0.333333
0.092411 -0.938269 0.333333
0.273683 -0.902212 0.333333
0.444437 -0.831483 0.333333
0.598112 -0.728801 0.333333
0.728801 -0.598112 0.333333
0.831483 -0.444437 0.333333
0.902212 -0.273683 0.333333
0.938269 -0.092411 0.333333
0.968246 0.000000 0.250000
0.949641 0.188895 0.250000
0.894543 0.370532 0.250000
0.805067 0.537929 0.250000
0.684653 0.684653 0.250000
0.537929 0.805067 0.250000
0.370532 0.894543 0.250000
0.188895 0.949641 0.250000
0.000000 0.968246 0.250000
-0.188895 0.949641 0.250000
-0.370532 0.894543 0.250000
-0.537929 0.805067 0.250000
-0.684653 0.684653 0.250000
-0.805067 0.537929 0.250000
-0.894543 0.370532 0.250000
-0.949641 0.188895 0.250000
-0.968246 0.000000 0.250000
-0.949641 -0.188895 0.250000
-0.894543 -0.370532 0.250000
-0.805067 -0.537929 0.250000
-0.684653 -0.684653 0.250000
-0.537929 -0.805067 0.250000
-0.370532 -0.894543 0.250000
-0.188895 -0.949641 0.250000
-0.000000 -0.968246 0.250000
0.188895 -0.949641 0.250000
0.370532 -0.894543 0.250000
0.537929 -0.805067 0.250000
0.684653 -0.684653 0.250000
0.805067 -0.537929 0.250000
0.894543 -0.370532 0.250000
0.949641 -0.188895 0.250000
0.981265 0.096646 0.166667
0.943556 0.286225 0.166667
0.869586 0.464803 0.166667
0.762199 0.625520 0.166667
0.625520 0.762199 0.166667
0.464803 0.869586 0.166667
0.286225 0.943556 0.166667
0.096646 0.981265 0.166667
-0.096646 0.981265 0.166667
-0.286225 0.943556 0.166667
-0.464803 0.869586 0.166667
-0.625520 0.762199 0.166667
-0.762199 0.625520 0.166667
-0.869586 0.464803 0.166667
-0.943556 0.286225 0.166667
-0.981265 0.096646 0.166667
-0.981265 -0.096646 0.166667
-0.943556 -0.286225 0.166667
-0.869586 -0.464803 0.166667
-0.762199 -0.625520 0.166667
-0.625520 -0.762199 0.166667
-0.464803 -0.869586 0.166667
-0.286225 -0.943556 0.166667
-0.096646 -0.981265 0.166667
0.096646 -0.981265 0.166667
0.286225 -0.943556 0.166667
0.464803 -0.869586 0.166667
0.625520 -0.762199 0.166667
0.762199 -0.625520 0.166667
0.869586 -0.464803 0.166667
0.943556 -0.286225 0.166667
0.981265 -0.096646 0.166667
0.996522 0.000000 0.083333
0.977374 0.194412 0.083333
0.920666 0.381352 0.083333
0.828578 0.553638 0.083333
0.704647 0.704647 0.083333
0.553638 0.828578 0.083333
0.381352 0.920666 0.083333
0.194412 0.977374 0.083333
0.000000 0.996522 0.083333
-0.194412 0.977374 0.083333
-0.381352 0.920666 0.083333
-0.553638 0.828578 0.083333
-0.704647 0.704647 0.083333
-0.828578 0.553638 0.083333
-0.920666 0.381352 0.083333
-0.977374 0.194412 0.083333
-0.996522 0.000000 0.083333
-0.977374 -0.194412 0.083333
-0.920666 -0.381352 0.083333
-0.828578 -0.553638 0.083333
-0.704647 -0.704647 0.083333
-0.553638 -0.828578 0.083333
-0.381352 -0.920666 0.083333
-0.194412 -0.977374 0.083333
-0.000000 -0.996522 0.083333
0.194412 -0.977374 0.083333
0.381352 -0.920666 0.083333
0.553638 -0.828578 0.083333
0.704647 -0.704647 0.083333
0.828578 -0.553638 0.083333
0.920666 -0.381352 0.083333
0.977374 -0.194412 0.083333
0.995185 0.098017 0.000000
0.956940 0.290285 0.000000
0.881921 0.471397 0.000000
0.773010 0.634393 0.000000
0.634393 0.773010 0.000000
0.471397 0.881921 0.000000
0.290285 0.956940 0.000000
0.098017 0.995185 0.000000
-0.098017 0.995185 0.000000
-0.290285 0.956940 0.000000
-0.471397 0.881921 0.000000
-0.634393 0.773010 0.000000
-0.773010 0.634393 0.000000
-0.881921 0.471397 0.000000
-0.956940 0.290285 0.000000
-0.995185 0.098017 0.000000
-0.995185 -0.098017 0.000000
-0.956940 -0.290285 0.000000
-0.881921 -0.471397 0.000000
-0.773010 -0.634393 0.000000
-0.634393 -0.773010 0.000000
-0.471397 -0.881921 0.000000
-0.290285 -0.956940 0.000000
-0.098017 -0.995185 0.000000
0.098017 -0.995185 0.000000
0.290285 -0.956940 0.000000
0.471397 -0.881921 0.000000
0.634393 -0.773010 0.000000
0.773010 -0.634393 0.000000
0.881921 -0.471397 0.000000
0.956940 -0.290285 0.000000
0.995185 -0.098017 0.000000
0.996522 0.000000 -0.083333
0.977374 0.194412 -0.083333
0.920666 0.381352 -0.083333
0.828578 0.553638 -0.083333
0.704647 0.704647 -0.083333
0.553638 0.828578 -0.083333
0.381352 0.920666 -0.083333
0.194412 0.977374 -0.083333
0.000000 0.996522 -0.083333
-0.194412 0.977374 -0.083333
-0.381352 0.920666 -0.083333
-0.553638 0.828578 -0.083333
-0.704647 0.704647 -0.083333
-0.828578 0.553638 -0.083333
-0.920666 0.381352 -0.083333
-0.977374 0.194412 -0.083333
-0.996522 0.000000 -0.083333
-0.977374 -0.194412 -0.083333
-0.920666 -0.381352 -0.083333
-0.828578 -0.553638 -0.083333
-0.704647 -0.704647 -0.083333
-0.553638 -0.828578 -0.083333
-0.381352 -0.920666 -0.083333
-0.194412 -0.977374 -0.083333
-0.000000 -0.996522 -0.083333
0.194412 -0.977374 -0.083333
0.381352 -0.920666 -0.083333
0.553638 -0.828578 -0.083333
0.704647 -0.704647 -0.083333
0.828578 -0.553638 -0.083333
0.920666 -0.381352 -0.083333
0.977374 -0.194412 -0.083333
0.981265 0.096646 -0.166667
0.943556 0.286225 -0.166667
0.869586 0.464803 -0.166667
0.762199 0.625520 -0.166667
0.625520 0.762199 -0.166667
0.464803 0.869586 -0.166667
0.286225 0.943556 -0.166667
0.096646 0.981265 -0.166667
-0.096646 0.981265 -0.166667
-0.286225 0.943556 -0.166667
-0.464803 0.869586 -0.166667
-0.625520 0.762199 -0.166667
-0.762199 0.625520 -0.166667
-0.869586 0.464803 -0.166667
-0.943556 0.286225 -0.166667
-0.981265 0.096646 -0.166667
-0.981265 -0.096646 -0.166667
-0.943556 -0.286225 -0.166667
-0.869586 -0.464803 -0.166667
-0.762199 -0.625520 -0.166667
-0.625520 -0.762199 -0.166667
-0.464803 -0.869586 -0.166667
-0.286225 -0.943556 -0.166667
-0.096646 -0.981265 -0.166667
0.096646 -0.981265 -0.166667
0.286225 -0.943556 -0.166667
0.464803 -0.869586 -0.166667
0.625520 -0.762199 -0.166667
0.762199 -0.625520 -0.166667
0.869586 -0.464803 -0.166667
0.943556 -0.286225 -0.166667
0.981265 -0.096646 -0.166667
0.968246 0.000000 -0.250000
0.949641 0.188895 -0.250000
0.894543 0.370532 -0.250000
0.805067 0.537929 -0.250000
0.684653 0.684653 -0.250000
0.537929 0.805067 -0.250000
0.370532 0.894543 -0.250000
0.188895 0.949641 -0.250000
0.000000 0.968246 -0.250000
-0.188895 0.949641 -0.250000
-0.370532 0.894543 -0.250000
-0.537929 0.805067 -0.250000
-0.684653 0.684653 -0.250000
-0.805067 0.537929 -0.250000
-0.894543 0.370532 -0.250000
-0.949641 0.188895 -0.250000
-0.968246 0.000000 -0.250000
-0.949641 -0.188895 -0.250000
-0.894543 -0.370532 -0.250000
-0.805067 -0.537929 -0.250000
-0.684653 -0.684653 -0.250000
-0.537929 -0.805067 -0.250000
-0.370532 -0.894543 -0.250000
-0.188895 -0.949641 -0.250000
-0.000000 -0.968246 -0.250000
0.188895 -0.949641 -0.250000
0.370532 -0.894543 -0.250000
0.537929 -0.805067 -0.250000
0.684653 -0.684653 -0.250000
0.805067 -0.537929 -0.250000
0.894543 -0.370532 -0.250000
0.949641 -0.188895 -0.250000
0.938269 0.092411 -0.333333
0.902212 0.273683 -0.333333
0.831483 0.444437 -0.333333
0.728801 0.598112 -0.333333
0.598112 0.728801 -0.333333
0.444437 0.831483 -0.333333
0.273683 0.902212 -0.333333
0.092411 0.938269 -0.333333
-0.092411 0.938269 -0.333333
-0.273683 0.902212 -0.333333
-0.444437 0.831483 -0.333333
-0.598112 0.728801 -0.333333
-0.728801 0.598112 -0.333333
-0.831483 0.444437 -0.333333
-0.902212 0.273683 -0.333333
-0.938269 0.092411 -0.333333
-0.938269 -0.092411 -0.333333
-0.902212 -0.273683 -0.333333
-0.831483 -0.444437 -0.333333
-0.728801 -0.598112 -0.333333
-0.598112 -0.728801 -0.333333
-0.444437 -0.831483 -0.333333
-0.273683 -0.902212 -0.333333
-0.092411 -0.938269 -0.333333
0.092411 -0.938269 -0.333333
0.273683 -0.902212 -0.333333
0.444437 -0.831483 -0.333333
0.598112 -0.728801 -0.333333
0.728801 -0.598112 -0.333333
0.831483 -0.444437 -0.333333
0.902212 -0.273683 -0.333333
0.938269 -0.092411 -0.333333
0.909059 0.000000 -0.416667
0.891592 0.177349 -0.416667
0.839861 0.347882 -0.416667
0.755855 0.505046 -0.416667
0.642802 0.642802 -0.416667
0.505046 0.755855 -0.416667
0.347882 0.839861 -0.416667
0.177349 0.891592 -0.416667
0.000000 0.909059 -0.416667
-0.177349 0.891592 -0.416667
-0.347882 0.839861 -0.416667
-0.505046 0.755855 -0.416667
-0.642802 0.642802 -0.416667
-0.755855 0.505046 -0.416667
-0.839861 0.347882 -0.416667
-0.891592 0.177349 -0.416667
-0.909059 0.000000 -0.416667
-0.891592 -0.177349 -0.416667
-0.839861 -0.347882 -0.416667
-0.755855 -0.505046 -0.416667
-0.642802 -0.642802 -0.416667
-0.505046 -0.755855 -0.416667
-0.347882 -0.839861 -0.416667
-0.177349 -0.891592 -0.416667
-0.000000 -0.909059 -0.416667
0.177349 -0.891592 -0.416667
0.347882 -0.839861 -0.416667
0.505046 -0.755855 -0.416667
0.642802 -0.642802 -0.416667
0.755855 -0.505046 -0.416667
0.839861 -0.347882 -0.416667
0.891592 -0.177349 -0.416667
0.861855 0.084885 -0.500000
0.828735 0.251394 -0.500000
0.763766 0.408242 -0.500000
0.669447 0.549401 -0.500000
0.549401 0.669447 -0.500000
0.408242 0.763766 -0.500000
0.251394 0.828735 -0.500000
0.084885 0.861855 -0.500000
-0.084885 0.861855 -0.500000
-0.251394 0.828735 -0.500000
-0.408242 0.763766 -0.500000
-0.549401 0.669447 -0.500000
-0.669447 0.549401 -0.500000
-0.763766 0.408242 -0.500000
-0.828735 0.251394 -0.500000
-0.861855 0.084885 -0.500000
-0.861855 -0.084885 -0.500000
-0.828735 -0.251394 -0.500000
-0.763766 -0.408242 -0.500000
-0.669447 -0.549401 -0.500000
-0.549401 -0.669447 -0.500000
-0.408242 -0.763766 -0.500000
-0.251394 -0.828735 -0.500000
-0.084885 -0.861855 -0.500000
0.084885 -0.861855 -0.500000
0.251394 -0.828735 -0.500000
0.408242 -0.763766 -0.500000
0.549401 -0.669447 -0.500000
0.669447 -0.549401 -0.500000
0.763766 -0.408242 -0.500000
0.828735 -0.251394 -0.500000
0.861855 -0.084885 -0.500000
0.812233 0.000000 -0.583333
0.796626 0.158459 -0.583333
0.750405 0.310828 -0.583333
0.675347 0.451252 -0.583333
0.574335 0.574335 -0.583333
0.451252 0.675347 -0.583333
0.310828 0.750405 -0.583333
0.158459 0.796626 -0.583333
0.000000 0.812233 -0.583333
-0.158459 0.796626 -0.583333
-0.310828 0.750405 -0.583333
-0.451252 0.675347 -0.583333
-0.574335 0.574335 -0.583333
-0.675347 0.451252 -0.583333
-0.750405 0.310828 -0.583333
-0.796626 0.158459 -0.583333
-0.812233 0.000000 -0.583333
-0.796626 -0.158459 -0.583333
-0.750405 -0.310828 -0.583333
-0.675347 -0.451252 -0.583333
-0.574335 -0.574335 -0.583333
-0.451252 -0.675347 -0.583333
-0.310828 -0.750405 -0.583333
-0.158459 -0.796626 -0.583333
-0.000000 -0.812233 -0.583333
0.158459 -0.796626 -0.583333
0.310828 -0.750405 -0.583333
0.451252 -0.675347 -0.583333
0.574335 -0.574335 -0.583333
0.675347 -0.451252 -0.583333
0.750405 -0.310828 -0.583333
0.796626 -0.158459 -0.583333
0.741767 0.073058 -0.666667
0.713261 0.216365 -0.666667
0.657345 0.351358 -0.666667
0.576168 0.472849 -0.666667
0.472849 0.576168 -0.666667
0.351358 0.657345 -0.666667
0.216365 0.713261 -0.666667
0.073058 0.741767 -0.666667
-0.073058 0.741767 -0.666667
-0.216365 0.713261 -0.666667
-0.351358 0.657345 -0.666667
-0.472849 0.576168 -0.666667
-0.576168 0.472849 -0.666667
-0.657345 0.351358 -0.666667
-0.713261 0.216365 -0.666667
-0.741767 0.073058 -0.666667
-0.741767 -0.073058 -0.666667
-0.713261 -0.216365 -0.666667
-0.657345 -0.351358 -0.666667
-0.576168 -0.472849 -0.666667
-0.472849 -0.576168 -0.666667
-0.351358 -0.657345 -0.666667
-0.216365 -0.713261 -0.666667
-0.073058 -0.741767 -0.666667
0.073058 -0.741767 -0.666667
0.216365 -0.713261 -0.666667
0.351358 -0.657345 -0.666667
0.472849 -0.576168 -0.666667
0.576168 -0.472849 -0.666667
0.657345 -0.351358 -0.666667
0.713261 -0.216365 -0.666667
0.741767 -0.073058 -0.666667
0.663101 0.074714 -0.744792
0.629851 0.220394 -0.744792
0.565017 0.355023 -0.744792
0.471850 0.471850 -0.744792
0.355023 0.565017 -0.744792
0.220394 0.629851 -0.744792
0.074714 0.663101 -0.744792
-0.074714 0.663101 -0.744792
-0.220394 0.629851 -0.744792
-0.355023 0.565017 -0.744792
-0.471850 0.471850 -0.744792
-0.565017 0.355023 -0.744792
-0.629851 0.220394 -0.744792
-0.663101 0.074714 -0.744792
-0.663101 -0.074714 -0.744792
-0.629851 -0.220394 -0.744792
-0.565017 -0.355023 -0.744792
-0.471850 -0.471850 -0.744792
-0.355023 -0.565017 -0.744792
-0.220394 -0.629851 -0.744792
-0.074714 -0.663101 -0.744792
0.074714 -0.663101 -0.744792
0.220394 -0.629851 -0.744792
0.355023 -0.565017 -0.744792
0.471850 -0.471850 -0.744792
0.565017 -0.355023 -0.744792
0.629851 -0.220394 -0.744792
0.663101 -0.074714 -0.744792
0.577974 0.076092 -0.812500
0.538586 0.223090 -0.812500
0.462494 0.354884 -0.812500
0.354884 0.462494 -0.812500
0.223090 0.538586 -0.812500
0.076092 0.577974 -0.812500
-0.076092 0.577974 -0.812500
-0.223090 0.538586 -0.812500
-0.354884 0.462494 -0.812500
-0.462494 0.354884 -0.812500
-0.538586 0.223090 -0.812500
-0.577974 0.076092 -0.812500
-0.577974 -0.076092 -0.812500
-0.538586 -0.223090 -0.812500
-0.462494 -0.354884 -0.812500
-0.354884 -0.462494 -0.812500
-0.223090 -0.538586 -0.812500
-0.076092 -0.577974 -0.812500
0.076092 -0.577974 -0.812500
0.223090 -0.538586 -0.812500
0.354884 -0.462494 -0.812500
0.462494 -0.354884 -0.812500
0.538586 -0.223090 -0.812500
0.577974 -0.076092 -0.812500
0.487344 0.077188 -0.869792
0.439640 0.224008 -0.869792
0.348900 0.348900 -0.869792
0.224008 0.439640 -0.869792
0.077188 0.487344 -0.869792
-0.077188 0.487344 -0.869792
-0.224008 0.439640 -0.869792
-0.348900 0.348900 -0.869792
-0.439640 0.224008 -0.869792
-0.487344 0.077188 -0.869792
-0.487344 -0.077188 -0.869792
-0.439640 -0.224008 -0.869792
-0.348900 -0.348900 -0.869792
-0.224008 -0.439640 -0.869792
-0.077188 -0.487344 -0.869792
0.077188 -0.487344 -0.869792
0.224008 -0.439640 -0.869792
0.348900 -0.348900 -0.869792
0.439640 -0.224008 -0.869792
0.487344 -0.077188 -0.869792
0.391973 0.077968 -0.916667
0.332299 0.222035 -0.916667
0.222035 0.332299 -0.916667
0.077968 0.391973 -0.916667
-0.077968 0.391973 -0.916667
-0.222035 0.332299 -0.916667
-0.332299 0.222035 -0.916667
-0.391973 0.077968 -0.916667
-0.391973 -0.077968 -0.916667
-0.332299 -0.222035 -0.916667
-0.222035 -0.332299 -0.916667
-0.077968 -0.391973 -0.916667
0.077968 -0.391973 -0.916667
0.222035 -0.332299 -0.916667
0.332299 -0.222035 -0.916667
0.391973 -0.077968 -0.916667
0.292267 0.078313 -0.953125
0.213954 0.213954 -0.953125
0.078313 0.292267 -0.953125
-0.078313 0.292267 -0.953125
-0.213954 0.213954 -0.953125
-0.292267 0.078313 -0.953125
-0.292267 -0.078313 -0.953125
-0.213954 -0.213954 -0.953125
-0.078313 -0.292267 -0.953125
0.078313 -0.292267 -0.953125
0.213954 -0.213954 -0.953125
0.292267 -0.078313 -0.953125
0.187601 0.077707 -0.979167
0.077707 0.187601 -0.979167
-0.077707 0.187601 -0.979167
-0.187601 0.077707 -0.979167
-0.187601 -0.077707 -0.979167
-0.077707 -0.187601 -0.979167
0.077707 -0.187601 -0.979167
0.187601 -0.077707 -0.979167
0.072075 0.072075 -0.994792
-0.072075 0.072075 -0.994792
-0.072075 -0.072075 -0.994792
0.072075 -0.072075 -0.994792
